0.001706
0.009154
0.021975
0.042919
0.069875
0.103516
0.142140
0.188697
0.240093
0.297614
0.361067
0.429634
0.505259
0.584858
0.672548
0.750533
0.496842
0.558866
0.625228
0.692709
0.762688
0.838851
0.629300
0.684597
0.743778
0.804834
0.868307
0.712425
0.763809
0.817081
0.873735
0.928132
0.799968
0.848088
0.899433
0.798643
0.843328
0.889084
0.936424
0.848495
0.891329
0.935219
0.861176
0.901316
0.942327
0.878122
0.916559
0.953800
0.898577
0.935433
0.886683
0.921443
0.956914
0.912341
0.946261
0.906852
0.938544
0.904423
0.935560
0.904413
0.934246
0.906224
0.934790
0.964220
0.937114
0.913964
0.941214
0.919405
0.946188
0.925806
0.952206
0.933109
0.959078
0.941254
0.966611
0.949922
0.934990
0.959150
0.944775
0.968679
0.955421
0.943303
0.966222
0.954664
0.944204
0.966241
0.956256
0.947122
0.968525
0.959732
0.951720
0.944562
0.964773
0.957761
0.951319
0.971037
