64  0.001922
128  0.008260
192  0.021979
256  0.042682
320  0.071106
384  0.103020
448  0.143896
512  0.188849
576  0.240146
640  0.297586
704  0.360888
768  0.429839
832  0.505248
896  0.585688
960  0.672702
1024  0.758545
1088  0.496932
1152  0.558733
1216  0.625073
1280  0.692110
1344  0.763222
1408  0.836757
1472  0.629775
1536  0.684939
1600  0.743462
1664  0.804016
1728  0.867800
1792  0.713047
1856  0.764607
1920  0.818216
1984  0.874134
2048  0.926172
2112  0.799116
2176  0.848954
2240  0.899330
2304  0.798979
2368  0.842928
2432  0.889236
2496  0.936526
2560  0.848475
2624  0.891441
2688  0.934975
2752  0.861160
2816  0.901288
2880  0.942474
2944  0.878117
3008  0.916448
3072  0.954833
3136  0.898687
3200  0.935392
3264  0.886648
3328  0.921386
3392  0.956954
3456  0.912344
3520  0.946110
3584  0.906816
3648  0.939314
3712  0.904308
3776  0.935516
3840  0.904229
3904  0.934209
3968  0.906193
4032  0.934822
4096  0.964287
4160  0.937188
4224  0.913471
4288  0.941221
4352  0.919325
4416  0.946149
4480  0.925814
4544  0.952189
4608  0.933159
4672  0.959043
4736  0.941255
4800  0.966596
4864  0.949902
4928  0.934980
4992  0.959182
5056  0.944989
5120  0.968641
5184  0.955107
5248  0.943300
5312  0.966213
5376  0.954637
5440  0.944181
5504  0.966239
5568  0.956251
5632  0.947098
5696  0.968510
5760  0.959713
5824  0.951722
5888  0.944453
5952  0.964808
6016  0.957749
6080  0.951253
6144  0.970949
6208  0.964942
6272  0.959194
6336  0.953957
6400  0.949350
6464  0.968057
6528  0.963301
6592  0.959110
6656  0.955236
6720  0.951831
6784  0.969723
6848  0.966296
6912  0.963142
6976  0.960323
7040  0.957646
7104  0.955539
7168  0.972363
7232  0.970306
7296  0.968283
7360  0.966498
7424  0.964913
7488  0.963568
7552  0.962364
7616  0.961349
7680  0.960503
7744  0.959810
7808  0.959345
7872  0.958955
7936  0.958618
8000  0.958594
8064  0.958568
8128  0.958716
8192  0.973321
8256  0.959294
8320  0.959666
8384  0.960175
8448  0.960777
8512  0.961492
8576  0.962292
8640  0.963148
8704  0.964069
8768  0.965128
8832  0.966145
8896  0.967382
8960  0.968587
9024  0.969876
9088  0.971223
9152  0.972621
9216  0.974012
9280  0.964223
9344  0.965959
9408  0.967703
9472  0.969443
9536  0.971247
9600  0.973101
