[I] reference output 0
(extent (4, 64, 4, 4))
Layer (0, 0)
0, 0.71582, 0, 1.11035
0.573242, 4.69531, 0.684082, 0.230347
0, 0, 0, 0
0, 0.621094, 1.71582, 0.595215
Layer (0, 1)
0, 1.88184, 0, 0
0, 0.38916, 0, 0
2.22461, 2.00586, 0, 0.495117
0.854492, 0, 0, 0
Layer (0, 2)
0, 0, 0, 2.29102
0.616211, 2.6875, 1.14062, 2.62695
2.49609, 1.95996, 0, 0.603516
0.448975, 0.425537, 0, 0
Layer (0, 3)
1.72168, 2.23242, 2.41602, 0
1.35449, 0, 0, 0
0.986816, 0, 0, 0
0, 0, 0, 0
Layer (0, 4)
1.81641, 0, 0, 0
3.27734, 0, 0, 0
0, 0, 2.26953, 0
0.51416, 0, 0.371826, 0
Layer (0, 5)
0, 2.64648, 0, 0
0, 0, 0, 2.42383
0, 4.80469, 0.571289, 0
0, 0, 0, 1.04199
Layer (0, 6)
0, 0, 0.456055, 0
0, 0, 0.618164, 3.33398
0.974121, 0, 0, 0
1.44629, 2.70117, 1.71582, 0.357178
Layer (0, 7)
1.46289, 0, 1.99023, 1.84863
0, 1.85254, 0.851562, 1.75684
0.875, 0, 1.58887, 0
0, 0, 0.61084, 1.63965
Layer (0, 8)
0, 0, 0, 4.76172
0, 0.637695, 0, 0
0, 5.75391, 0, 1.79395
0, 0, 2.33203, 0
Layer (0, 9)
0.925781, 1.9502, 0, 0
0, 0.769043, 1.59961, 0
0, 0, 0.0802612, 1.46387
1.28809, 0, 0, 1.67773
Layer (0, 10)
0, 3.17773, 1.03516, 0
0.938477, 2.34961, 5.16016, 0
0, 0, 0.0431824, 0
0.471191, 2.36328, 0, 2.83789
Layer (0, 11)
0, 0, 0, 1.74805
3.83789, 2.78125, 0, 1.13672
0, 0, 0.654785, 0.341553
0, 5.02734, 0, 0
Layer (0, 12)
0, 0, 0.805176, 1.82031
0, 0, 0.960449, 1.99902
0, 0.757324, 0, 0.288086
0, 0.559082, 0, 0.556641
Layer (0, 13)
1.11328, 0, 0.687988, 0
0, 0.431641, 0.540527, 0
0, 0.992188, 0, 1.46094
0, 1.09375, 1.89551, 0
Layer (0, 14)
2.47461, 0, 2.79688, 0
0.589355, 0, 0.413574, 0
0, 0, 0, 0
0.0323486, 0, 0, 0
Layer (0, 15)
1.92871, 0, 0, 1.11816
0.700195, 0, 0, 0.18042
0, 0, 0, 0.66748
0.663574, 3.06055, 0, 0
Layer (0, 16)
1.67285, 0.354248, 2.03125, 2.29297
0, 0, 0, 0
3.31445, 0, 3.16797, 1.25098
0, 0, 0, 0.0688477
Layer (0, 17)
1.72949, 0, 0.262207, 0.996094
0.88916, 0.96875, 2.8418, 0
0, 2.69922, 0, 0
0, 0, 0, 1.10059
Layer (0, 18)
0.958008, 0, 0, 0.542969
0.577148, 3.00977, 2.83984, 0
1.78027, 0, 0, 1.69434
0, 0.766113, 0.818848, 0.981934
Layer (0, 19)
0.843262, 0.832031, 0.461182, 0.882324
0.0796509, 1.54883, 0, 0
1.46094, 0, 1.5293, 2.78906
0, 0, 1.08301, 0
Layer (0, 20)
1.6377, 0.848633, 1.50391, 0
0.812988, 0.291748, 0, 0
0.786133, 0, 3.21875, 0
3.41797, 0.196167, 1.29688, 0
Layer (0, 21)
0, 0, 0, 0
0.796387, 2.91797, 0, 0
1.60938, 4.60156, 0, 1.69531
1.15039, 0, 1.80664, 0
Layer (0, 22)
0, 0, 0.597168, 0.419434
0.771484, 0, 3.68359, 0
0.787109, 2.83789, 0.396973, 4.16406
0, 0, 0, 1.53809
Layer (0, 23)
0.136719, 0.944336, 2.18945, 0.262451
0.592285, 0.154297, 1.14746, 0.422363
1.34668, 0, 0, 0
0.561523, 1.30762, 0.628418, 0.793945
Layer (0, 24)
0, 1.80762, 0, 0
0.289062, 0, 0.774902, 2.49805
1.25781, 0, 0, 1.41895
0, 0.4021, 1.3584, 0
Layer (0, 25)
0.861328, 3.20312, 0, 0.283447
0, 0, 0, 1.16211
0, 4.53906, 0, 0
0.575684, 0, 1.84473, 1.01172
Layer (0, 26)
2.25781, 0, 1.42969, 0
0, 0, 0, 3.00977
0.557129, 0, 1.24023, 1.47363
0, 0, 0.777832, 0.902344
Layer (0, 27)
0.910645, 0.546875, 1.83691, 0
2.68359, 0.689941, 0, 0
0, 0, 2.95117, 0
0, 1.57422, 0.355469, 0.290771
Layer (0, 28)
1.30957, 0.705566, 0.599121, 0.136963
0.0142822, 0.361328, 0, 2.18164
0.996582, 4.17188, 1.01953, 0.636719
0.425293, 0, 0.591797, 0
Layer (0, 29)
0.706543, 0.961914, 0.765137, 0
0, 0, 0.107666, 0.0633545
1.95898, 0, 0.91748, 0.440186
1.12305, 0, 1.39746, 0
Layer (0, 30)
0.33667, 0.719238, 0, 0
0, 3.20117, 5.58594, 0
0, 0.218262, 0.976562, 0.0412598
0, 0, 0, 0
Layer (0, 31)
0, 0, 1.57715, 0
0.571777, 2.2207, 0, 0
1.03223, 1.0625, 0, 0
0.891113, 0.499023, 0, 0
Layer (0, 32)
0, 2.43945, 0, 0
0.384277, 0.123169, 0.061554, 0.77002
0, 2.14648, 2.55469, 0
1.94629, 0, 1.46777, 0
Layer (0, 33)
1.03711, 0.999512, 0.725586, 0
0, 0, 0.224976, 0.0433655
0, 2.46289, 0, 0
0, 1.77246, 1.46484, 0.291504
Layer (0, 34)
0, 0, 0, 0
0, 4.58984, 1.40918, 0
0, 0, 2.31445, 0
0.90918, 0, 1.67969, 0.47998
Layer (0, 35)
2.6543, 0, 0, 1.21484
0, 0, 0.831055, 0.10968
0, 0, 0, 1.96387
0, 1.29883, 0.641602, 0.123169
Layer (0, 36)
0, 0, 1.0918, 0.207764
1.69922, 0, 0.0951538, 0
3.44922, 0, 0, 2.69922
0, 0, 0, 0
Layer (0, 37)
0, 0.0706787, 0.39209, 0.641602
0.19043, 0, 0.327637, 0
1.71191, 1.49219, 0, 1.57031
0, 0, 2.02148, 0.16394
Layer (0, 38)
0, 0, 0.975098, 1.23535
0, 0, 3.22266, 0
0, 0, 0, 0.997559
0, 0, 0, 1.56543
Layer (0, 39)
0, 0, 0.449951, 0
0, 0, 0.324463, 0.4375
0.653809, 0, 0, 0
1.62695, 1.04199, 0, 0
Layer (0, 40)
0, 0.111145, 0.682129, 0
0.0252838, 0.859375, 0, 0
0, 0.952637, 2.06055, 0.523438
0.210938, 0, 0, 0
Layer (0, 41)
0.700684, 0, 0.377197, 0
1.1709, 0, 0, 0
0.278564, 1.91211, 0, 0
1.83008, 0.0356445, 0, 0
Layer (0, 42)
0, 0.327637, 0, 0
0, 0.803223, 0.034668, 0
0, 0.783691, 0, 0.0750122
0, 0, 2.42969, 2.71289
Layer (0, 43)
1.64551, 0, 2.39844, 0
2.47852, 0, 0.64209, 0
0, 0, 1.78809, 0
4.4375, 0, 1.47656, 0.807617
Layer (0, 44)
1.03809, 0, 0.567871, 1.31641
3.82422, 0, 0.21167, 0
0.51123, 0.669922, 1.73828, 0.97998
0, 0, 0.696777, 0.867188
Layer (0, 45)
0, 0.314697, 1.3623, 0.431885
0, 0, 0.394043, 0
2.56836, 1.27539, 0, 0.588867
0.119995, 0.64209, 0, 2.61133
Layer (0, 46)
3.41602, 0, 1.03223, 1.27637
3.29883, 0.672852, 0, 0.938477
0, 0, 0.225098, 3.84375
0, 2.89844, 2.1543, 0
Layer (0, 47)
0.524414, 0, 1.25, 0.966309
4.78906, 0, 0, 1.11816
2.26172, 0, 1.58203, 0
0, 0, 0, 2.44141
Layer (0, 48)
0.682617, 0, 0.677734, 0
0, 1.46777, 0, 0
0, 1.37891, 1.00586, 2.38672
2.17188, 0, 0, 0.655762
Layer (0, 49)
1.05469, 0, 1.31543, 0
0, 1.35938, 0, 1.50684
0, 2.35156, 0, 0
0, 0.392822, 0, 0.526855
Layer (0, 50)
0, 1.03418, 0, 1.3125
1.53516, 1.53711, 0, 1.5293
0.818359, 0, 1.54492, 0.324707
1.18652, 0, 1.42383, 0
Layer (0, 51)
1.97363, 2.32031, 0, 0
0.078125, 2.5957, 0, 0
0.647949, 1.75879, 1.05469, 2.22852
0, 1.34375, 0, 0
Layer (0, 52)
0.205078, 1.57129, 0, 0
2.16797, 2.97656, 0, 2.65625
0, 2.58398, 1.08008, 1.05762
0, 0, 0, 0
Layer (0, 53)
0.253174, 0.134155, 0, 0
0, 0, 1.66699, 1.18359
0.132446, 0, 0, 0
2.19531, 0, 0.892578, 0
Layer (0, 54)
1.73242, 0, 0.975586, 0
0, 1.12305, 1.28906, 0.729004
0.941406, 0.311523, 0, 0.803223
0, 0, 1.89551, 2.11914
Layer (0, 55)
0, 0, 0, 0
2.80859, 0, 2.66406, 0
0, 0, 0, 2.86523
0, 0.810059, 0.692383, 0
Layer (0, 56)
1.46387, 0, 0, 2.05273
0, 0, 0, 0
3.42188, 4.68359, 0.447021, 0
0.841797, 0, 0, 1.36328
Layer (0, 57)
1.00195, 0, 0, 0
0, 0, 0, 0
0, 0.532715, 0.943359, 1.66309
0, 0, 0.464844, 0
Layer (0, 58)
0, 0.500977, 0, 1.18164
0, 0, 0, 0
0, 0, 2.75781, 0
0.135498, 0.244385, 0.268799, 0
Layer (0, 59)
0.5625, 0, 0, 0.0479126
1.03711, 0.915039, 0, 1.33887
0, 1.81934, 0, 0.583008
1.31445, 0.682129, 2.15625, 0.768066
Layer (0, 60)
0.994629, 0, 0, 1.05273
0, 0.875488, 0.824707, 0
0, 3.86328, 0, 1.26758
0.808105, 1.28027, 1.53711, 0.661621
Layer (0, 61)
0.135132, 0, 2.38477, 0
0.768555, 0, 0, 0.411865
0.0847168, 1.61133, 1.05176, 0
1.12012, 0.950195, 0.60791, 0.416992
Layer (0, 62)
0, 0.68457, 0.0924072, 0.467529
1.08789, 0, 0, 0
0, 0, 1.10938, 0.0693359
0.603516, 0.900391, 0, 0.557617
Layer (0, 63)
0, 0, 2.89844, 1.33887
0.206299, 0.799316, 2.86914, 0
4.50781, 2.38672, 0, 1.81348
0, 0, 1.53906, 0.214111
Layer (1, 0)
1.83203, 2.04883, 1.67676, 1.94727
0, 0, 0.470459, 0.986328
0, 1.02539, 0, 0.980957
0, 2.9668, 0, 2.04688
Layer (1, 1)
0, 2.69141, 1.61035, 1.4668
3.08203, 0, 0.512695, 1.77539
0.456299, 2.94336, 2.03125, 0
1.14746, 0, 1.16309, 1.77441
Layer (1, 2)
2.70508, 0.513184, 0, 2.33594
0.897949, 0, 0, 0.332275
0.335205, 0.97168, 0, 0.188232
0.919922, 0.266846, 0, 0.0280914
Layer (1, 3)
1.29395, 0, 0.931641, 0
0, 0.0214233, 0, 1.2627
0.766602, 1.77051, 0, 0
0, 3.11914, 0.332764, 0
Layer (1, 4)
0.710449, 0.997559, 0.802246, 0.516602
1.4043, 4.47266, 0, 0
2.46094, 0, 0, 0
2.62305, 2.05273, 0, 0.104065
Layer (1, 5)
0, 0, 3.38672, 0
0.475342, 0, 0, 0.427246
0, 1.38477, 1.45801, 0
1.37598, 0, 1.29395, 0
Layer (1, 6)
0, 0, 0.213623, 0
0, 2.3418, 0, 0
0, 0, 1.04199, 0
1.79004, 0, 0, 0.724609
Layer (1, 7)
0, 0, 0.491943, 2.23633
0.769043, 0.699707, 1.69531, 0
0, 1.02832, 0, 0
0, 0.321289, 1.09961, 0
Layer (1, 8)
1.00684, 1.49121, 0.0362549, 1.27344
0, 3.47852, 1.13184, 0
0, 0.0171967, 1.40137, 1.6416
0, 0, 1.12402, 0
Layer (1, 9)
0, 0, 3.04883, 0.143066
0.408691, 0.572266, 0, 2.03516
0, 0.0944214, 0.478027, 0
0, 0, 0, 0
Layer (1, 10)
0, 0, 0, 0
0, 0.910645, 0.871582, 0
0, 3.69336, 0, 0
0.441162, 0, 0, 0
Layer (1, 11)
0, 1.7041, 2.00391, 0.391357
0.544434, 2.0918, 1.05469, 0
2.15234, 0.463623, 1.47461, 0.62793
0, 3.96875, 3.9082, 0
Layer (1, 12)
0, 3.04492, 0, 0
0.478027, 0, 4.12109, 0
2.20508, 2.35352, 0, 0.0267944
0, 1.45117, 0, 0.832031
Layer (1, 13)
2.36914, 0, 0, 0
1.62207, 0, 0, 0
0, 0.460205, 1.62012, 0
0, 0, 0, 0
Layer (1, 14)
0, 0, 0, 0
0.207275, 0, 5.91406, 0.797852
0.730469, 0, 0, 2.48242
0, 0, 0, 0
Layer (1, 15)
1.00684, 0, 0, 0
0.848633, 0, 0, 0
0, 0, 1.26367, 2.32227
0, 1.62598, 0.072876, 0
Layer (1, 16)
1.72949, 0.95166, 0.559082, 1.24805
1.83984, 0, 0, 0.323975
0, 4.26172, 2.68945, 0.785645
1.26562, 0.294434, 0, 0
Layer (1, 17)
0, 0, 0.0462036, 0.617188
0, 0, 0, 0
0, 0, 0, 2.5332
0, 0, 0.853027, 0
Layer (1, 18)
0.108398, 0, 0, 0
0.547852, 0, 0, 2.53125
0, 0, 0, 1.82812
0.938965, 0, 2.15625, 0.691406
Layer (1, 19)
1.92676, 1.94043, 0, 0
0, 3.81641, 0.505371, 0
0, 5.94531, 0, 0
1.78906, 0, 0, 0
Layer (1, 20)
0, 0, 0, 0
0.0162964, 0, 0.312988, 1.21191
0, 3.07031, 0.575684, 0
0.489258, 0, 0, 2.52734
Layer (1, 21)
0.717773, 2.72461, 3.79688, 1.61133
1.13379, 0, 0, 1.87109
3.10156, 0.498779, 0, 2.875
1.90918, 0, 0.173584, 0
Layer (1, 22)
0, 0, 2.19727, 0
0.544922, 2.41992, 0, 0
0.208252, 1.51758, 0, 2.51562
0, 0.725098, 0, 1.68555
Layer (1, 23)
0, 0.580078, 0.928711, 0
0, 0, 1.25488, 4.94531
0, 0, 0, 0.64502
0, 0.20459, 0, 0.26416
Layer (1, 24)
0.178589, 1.85254, 1.09375, 0
0, 0, 2.52344, 1.38867
0.412598, 0, 2.22656, 1.8291
0, 0.0426331, 0, 0.139404
Layer (1, 25)
0.529297, 0.105225, 0, 0.086792
0, 0, 1.00488, 0
0, 0, 0, 0
1.91211, 0, 0, 1.23633
Layer (1, 26)
0, 0, 0, 0.373047
0, 0, 0.054657, 0
0, 0, 0, 0
1.4248, 0, 0.625488, 0
Layer (1, 27)
0.314697, 0, 0, 0.229492
0.212524, 0.0935669, 3.94727, 2.2793
2.41797, 1.06934, 0, 0
0, 0, 0, 0
Layer (1, 28)
0, 0, 2.74805, 0
0, 0, 0, 0
0, 0, 1.17773, 1.4541
0.231689, 0.66748, 0, 0
Layer (1, 29)
0, 0, 1.22559, 0.862305
0, 1.81348, 0, 0
0, 0, 0, 0
1.32812, 2.3457, 0, 0
Layer (1, 30)
0, 0.999023, 2.95117, 0.482422
0.174072, 3.07812, 0, 0
0, 1.80957, 0, 1.24512
0, 1.38867, 0, 0.409424
Layer (1, 31)
0, 0.388184, 0, 0.102356
0, 0, 0, 0
0, 0.0688477, 0.553711, 0
0, 1.55176, 0.219482, 0.112732
Layer (1, 32)
0, 0, 3.0332, 0.919434
1.00195, 3.6543, 0, 0
0, 4.35156, 2.80859, 0
0.614258, 0, 0.770996, 0
Layer (1, 33)
1.21387, 2.60547, 0.0895386, 0.27124
1.04395, 1.77832, 0.916992, 0
1.03711, 0.539062, 0, 0.554199
0, 0.679688, 0, 1.39648
Layer (1, 34)
0, 1.80566, 1.20117, 0
0, 1.83398, 1.38574, 0
0, 3.15234, 0, 0
0, 1.23047, 1.68066, 0.745605
Layer (1, 35)
0, 2.91992, 0, 0
2.02734, 0, 0, 3.1543
0, 2.22656, 0, 0
0, 0, 0.121704, 0
Layer (1, 36)
0, 1.50195, 0.578125, 0.237305
0, 0.566406, 0.361328, 1.66504
0, 0, 1.56445, 0.404785
0, 0, 0, 0
Layer (1, 37)
0.480225, 0.570312, 1.7041, 2.30859
0, 0, 0, 2.18359
0, 1.28223, 0, 0
1.06543, 0.0155945, 0, 0.0278931
Layer (1, 38)
0, 0.585938, 0, 0
0, 0.776367, 0, 0.753906
1.49707, 0, 0, 0.00197983
0, 1.87793, 3.82422, 0
Layer (1, 39)
1.68066, 0, 0, 0
0, 0, 1.63379, 3.08203
0.855957, 0, 0, 0
0.266602, 0, 0, 2.91602
Layer (1, 40)
0, 0, 0, 0
0, 0, 0.164917, 0
0.541992, 0.918457, 0.966797, 0
0, 0.57373, 0, 1.55176
Layer (1, 41)
0, 0.989746, 2.08594, 1.25879
0.656738, 0.733398, 0, 2.17383
1.28223, 0, 0, 0
0, 0, 0.835938, 0
Layer (1, 42)
0.206665, 0, 1.5293, 0
0.789062, 0, 2.36523, 0
0, 0, 3.37305, 0.901367
0.914062, 0, 0, 1.63379
Layer (1, 43)
2.44531, 0, 0, 4.4375
0.427979, 0, 0, 0
0, 0, 3.48828, 0
0.495605, 0, 2.66797, 0.768066
Layer (1, 44)
0, 0.621094, 0.0958252, 1.62402
0, 2.19727, 2.6543, 0
0, 1.33008, 0, 0
0, 0.185913, 0, 0.668457
Layer (1, 45)
0.672363, 0, 2.68359, 0
0, 0.0358887, 1.34961, 0
2.06641, 0, 0, 0
0, 0, 0, 1.39551
Layer (1, 46)
0, 1.71289, 0, 0
0, 0, 3.22852, 0
0, 2.33203, 2.5332, 0
0, 3.14062, 0, 0
Layer (1, 47)
0.0566101, 1.2832, 0, 0
0, 0, 3.22461, 2.26172
0, 0, 0, 0
0.190674, 0, 1.64746, 0
Layer (1, 48)
0.286377, 2.94531, 2.16406, 0.179565
0, 0.262695, 0.293701, 2.86523
1.16211, 0, 0, 0
0, 0, 4.66797, 0
Layer (1, 49)
0, 0.106689, 2.17188, 0.205444
0.283447, 1.62109, 0, 1.43652
0.851562, 1.29688, 0, 0
0, 0, 1.15918, 0
Layer (1, 50)
0, 0, 0, 0
0, 0.23584, 1.12305, 2.52148
0, 0.231934, 2.41602, 0
1.00293, 0.2146, 0, 0.381836
Layer (1, 51)
0, 0, 0, 0
0.589844, 0, 1.54199, 0.144653
0.369385, 0.398926, 0.715332, 0
0, 0, 0, 0
Layer (1, 52)
0, 0, 2.63086, 0.137451
0, 0, 2.81055, 0
0, 0.267578, 0, 0
0.497314, 0, 0.635254, 2.27539
Layer (1, 53)
0.874023, 0, 0, 3.41016
2.76367, 0, 0, 0
0.430908, 0.731934, 0, 2.46094
2.05859, 0, 0, 0.787109
Layer (1, 54)
1.72363, 0, 0.0324402, 0
0, 0, 0, 1.10547
1.24902, 0, 1.90723, 4.34766
0.300293, 3.45117, 0, 0
Layer (1, 55)
0, 0, 0, 0
2.35547, 0, 0, 1.9541
0.203613, 1.47363, 1.87402, 0
0, 0, 0.924805, 0
Layer (1, 56)
2.12109, 2.55078, 0.307129, 0.626953
0, 0.137329, 2.13672, 3.14648
0, 0, 0, 3.25391
0.552734, 1.41113, 0, 1.66699
Layer (1, 57)
0, 0.932617, 0, 0
0.976074, 0, 0.0847778, 0
0, 0.054718, 3.06445, 0.536621
0, 0, 0, 0.0128021
Layer (1, 58)
0, 0, 2.22852, 0
0.0876465, 0.973145, 0, 0.984863
0, 2.18164, 0, 0
0, 0, 0, 0.570312
Layer (1, 59)
0, 0, 0.504883, 0.52002
2.65234, 2.35156, 0, 0
0.911133, 0, 3.53906, 0
0, 0, 0, 0
Layer (1, 60)
0.504883, 0, 0, 0.108826
0, 0, 2.13867, 0.890137
0.117981, 0, 0.221191, 0.958984
1.39941, 0.72168, 0, 1.72656
Layer (1, 61)
1.91406, 3.23633, 0, 0
0, 3.44141, 0.31543, 1.41699
2.4707, 0, 0, 2.30273
0, 0, 0, 0.358887
Layer (1, 62)
0, 0.0256958, 1.72754, 0.446045
2.03125, 0, 0, 0
0.85791, 0.00840759, 0, 0
0.0331116, 0, 0, 0
Layer (1, 63)
0.216675, 0, 0, 0.526855
0.396729, 2.41211, 0.830078, 0
0, 1.26367, 0, 1.35742
0.649902, 0, 0, 1.95215
Layer (2, 0)
0, 0, 0.112854, 0
0, 1.93359, 0, 0.82373
0, 0, 2.70703, 1.01465
0, 0, 0.793457, 1.65234
Layer (2, 1)
0.984375, 1.11328, 0, 1.74805
0, 0.790527, 0, 0
0, 0.146484, 0, 0
0, 1.82227, 0.440674, 2.79883
Layer (2, 2)
0, 1.42969, 0, 1.74121
0, 0, 0, 0
0, 2.07617, 0, 0.749023
0, 1.04199, 0, 0
Layer (2, 3)
0.192383, 1.09863, 0.770996, 1.35742
2.86719, 2.14453, 0, 0
0, 2.42578, 0, 0
0, 1.70312, 3.16602, 0
Layer (2, 4)
0.632324, 0, 0.85791, 0.657715
0.0379944, 0, 5.46094, 2.59375
0, 0, 0, 0.38916
0, 0.13501, 0.495605, 0
Layer (2, 5)
0, 0, 1.04688, 3.10547
0, 0, 0, 2.52539
0, 0, 0, 1.34766
1.36621, 0.381836, 0.719238, 0
Layer (2, 6)
1.5498, 2.25195, 1.45801, 0
0, 0.405762, 0.017334, 0.839844
1.625, 0, 0, 0
0, 0.0778198, 0, 0.04422
Layer (2, 7)
0, 0, 0, 0
0, 0.335693, 0, 0
0, 0, 0, 1.32227
1.16699, 1.7373, 0.630371, 0
Layer (2, 8)
0.278076, 1.56934, 1.00879, 0
1.09668, 0, 0, 0.334717
0, 0.811523, 0, 0
0, 1.31836, 2.35938, 0
Layer (2, 9)
2.99609, 1.10156, 0, 2.49805
3.25586, 0, 1.11035, 0
0, 0, 3.27148, 0
0.586426, 1.00098, 0.546875, 0
Layer (2, 10)
0, 0, 0, 0
0.243774, 0, 0, 1.54492
1.29199, 1.7998, 0.370361, 0.841309
0, 1.16797, 0, 0.625488
Layer (2, 11)
0, 0.797852, 0, 0
1.9541, 0, 1.06836, 0
0, 1.63086, 0, 0
0, 1.9668, 0, 0
Layer (2, 12)
0, 1.3623, 0, 0.187134
0.69873, 0.486572, 4.01562, 0.0520935
0, 1.43164, 0, 0
0.546875, 0.497559, 0.0488586, 0
Layer (2, 13)
0, 1.00684, 0.0302429, 0.742676
0, 0.91748, 0.552734, 0
0.227783, 0.25708, 0.704102, 0
0.48291, 1.35742, 0.172607, 0
Layer (2, 14)
1.64844, 0, 2.65234, 1.45215
0.273682, 3.48438, 0.462158, 0.794922
0.0939941, 0.455566, 0, 2.20703
0.469971, 0.834473, 0, 0.0910034
Layer (2, 15)
0.055542, 2.36523, 0.183228, 0
0, 0, 1.31348, 0
0.00680542, 0, 0, 0
0, 0, 0, 0
Layer (2, 16)
0.35083, 1.25098, 0.699707, 1.79785
0, 0, 0, 0
2.89453, 3.24414, 0, 0.192749
1.05566, 0.594727, 0.307617, 0
Layer (2, 17)
0, 0, 0, 0.142822
0.552734, 0.0619507, 0, 0
0, 0, 1.92969, 1.24316
1.19336, 1.09766, 0, 1.20898
Layer (2, 18)
0.168457, 0, 0, 0
1.50488, 2.11133, 0, 0
0, 2.11914, 0, 2.72656
0, 0, 0, 0.614258
Layer (2, 19)
0, 0.0142288, 1.22168, 0.490234
1.5918, 0, 0, 0
1.85449, 3.37305, 0, 1.12891
0, 2.16602, 0.949707, 0.289551
Layer (2, 20)
0.176636, 0.67627, 2.42188, 0
0.295654, 1.16016, 0.26001, 0
1.81152, 0, 0.793945, 0
1.38574, 0, 3.24219, 0
Layer (2, 21)
0, 0, 0, 2.01758
0, 0, 1.50488, 0
0, 2.4668, 0.493896, 0
2.55273, 0, 4.53516, 0
Layer (2, 22)
0, 3.28711, 0, 0
0, 0.942383, 0.603027, 0
0, 2.95312, 0, 0
1.25098, 0.895508, 0, 1.05273
Layer (2, 23)
2.79883, 0.542969, 1.25195, 0
0, 0.753418, 0, 0.258301
1.17676, 0, 0, 0
0, 0.408691, 0.792969, 0
Layer (2, 24)
0.0826416, 0, 1.32031, 0
0.391602, 0, 0, 0
0.644043, 1.68457, 0, 0
0, 0, 1.32031, 1.16016
Layer (2, 25)
0, 0, 2.17969, 0
0, 0.759277, 0, 0
0.209106, 0, 0, 0
0.507812, 1.46191, 0, 0
Layer (2, 26)
1.09668, 0, 0, 0
0.487793, 3.6543, 0.599121, 1.59668
3.30469, 0, 0, 0
0, 2.99414, 0, 0
Layer (2, 27)
1.52441, 0, 0.125732, 0
0.667969, 0.0393982, 1.13379, 1.58301
0, 1.06348, 0.304932, 2.74805
3.17578, 0, 0.990234, 0
Layer (2, 28)
0.670898, 2.7832, 0, 0
0, 0, 0.423096, 0
1.63672, 2.92188, 0, 0
0.421143, 0, 0, 0.155029
Layer (2, 29)
0.0410767, 0, 0.772461, 0.853516
0.209106, 0, 0, 0
0, 0, 0, 0.0238342
0.0166168, 1.2998, 0, 2.22852
Layer (2, 30)
1.92676, 0, 0.743164, 0
1.59375, 0, 0, 0
0, 1.80566, 3.14062, 1.22168
0, 0, 0.438477, 0
Layer (2, 31)
0.29126, 0.400879, 0, 0
0, 0, 0, 0
0, 0, 0.149902, 0
1.87598, 0, 0.30542, 0
Layer (2, 32)
0, 0, 0, 0
0, 0, 0.377441, 0
0.108032, 0, 0, 0.165649
0.655273, 0.366211, 0, 0
Layer (2, 33)
0, 0, 0, 0.841797
0, 0.11261, 0.00630569, 0
0, 2.64844, 3.27344, 0
0, 1.26074, 0, 0.338623
Layer (2, 34)
0, 0, 0.0382385, 2.30078
0, 0, 1.26953, 2.16016
0.73584, 0.968262, 2.15625, 0.519043
0, 0, 1.47754, 0.0828247
Layer (2, 35)
0, 1.64453, 0, 0.482422
0, 0, 2.62891, 1.08301
0.397949, 0, 0, 0.34082
0.0222473, 0.562988, 0.324707, 0.12561
Layer (2, 36)
1.92871, 1.43359, 0, 0
0.000494003, 0, 0, 1.625
1.96777, 1.20508, 0, 1.37207
0, 0, 0, 0
Layer (2, 37)
2.57227, 0, 0.305664, 2.36133
0, 2.19336, 0, 0
1.3916, 0, 0, 0
2.23633, 0, 0, 2.27344
Layer (2, 38)
2.66016, 0.137207, 0, 0
0.184204, 0, 2.82812, 0
0, 1.71387, 0, 0
0, 2.97656, 0, 0
Layer (2, 39)
0, 0, 0, 0
0, 0, 0, 0.288818
0, 0, 0, 0
0, 0, 2.74414, 1.00391
Layer (2, 40)
0.327881, 0, 0.225342, 1.89844
2.31055, 0, 1.72949, 1.92773
1.00488, 0.271484, 2.62891, 0
0, 0, 0.618652, 0.315674
Layer (2, 41)
1.28711, 3.22266, 0.870117, 0
0.112427, 0, 4.87891, 0
0.211548, 0.903809, 0, 0.714844
2.19922, 2.36914, 0, 1.11523
Layer (2, 42)
0, 0, 0, 0.979492
0, 0, 0.442871, 0
1.57715, 0, 2.4043, 0
2.19922, 0, 0, 0
Layer (2, 43)
1.04883, 0, 1.48535, 0
1.08398, 0, 0, 0
0, 0, 0, 0
0.916016, 0, 0, 0.422119
Layer (2, 44)
0, 0, 0.357666, 0.34082
0.550293, 0, 0, 0
0, 0, 0, 0.679688
0, 0.149902, 0.833008, 0
Layer (2, 45)
0.902344, 0.355713, 0, 1.63379
0, 0, 0, 0
0, 0.749512, 0.987305, 3.23242
0, 0.916016, 1.12109, 0.700195
Layer (2, 46)
2.92969, 0, 0, 0
0, 0, 0, 0
0.682617, 0, 2.48438, 0
0, 0, 3.41211, 0
Layer (2, 47)
0, 0, 0, 1.05859
0, 0, 0, 4.22266
1.28906, 0, 4.76562, 0
0.30542, 0.35498, 2.08984, 0
Layer (2, 48)
0, 0.667969, 0.666504, 0
0.618652, 0, 1.55859, 1.87109
0, 0, 0.946777, 0
0, 0, 0, 0
Layer (2, 49)
0, 0.0524902, 0.746582, 0
0, 4.90234, 0, 0.953125
0.457031, 1.58398, 2.02148, 0.797852
0.181519, 0, 0, 0.435059
Layer (2, 50)
0.412109, 0.83252, 0, 0.43335
0.458252, 0, 2.59375, 0
1.85254, 0, 0, 0
0, 0, 0, 0.383789
Layer (2, 51)
0, 0, 0.894531, 0.956055
0, 0, 0, 1.85449
0, 1.54297, 0, 3.13281
0.458008, 0.494873, 1.64062, 0.081604
Layer (2, 52)
0.358154, 0, 0, 0.300049
0, 2.58008, 0, 0
0, 0, 0, 0
1.41699, 0.106323, 0, 0
Layer (2, 53)
0, 0.830566, 0.0614319, 0
1.18945, 3.01562, 0, 0
2.64453, 1.41211, 0.658691, 0.119629
1.76074, 1.80371, 0, 0.0461731
Layer (2, 54)
0.311279, 0, 0, 2.25977
0.0062561, 0.341797, 1.83398, 2.56055
0, 0.894043, 0, 1.59668
0.791504, 0, 0, 0.220581
Layer (2, 55)
0, 1.21875, 0.694336, 2.93555
1.65332, 0, 5.27344, 0
0.00229836, 3.62695, 0, 0.298584
0.710449, 0, 0, 0.756836
Layer (2, 56)
0, 0.548828, 0, 0
3.90625, 0, 0, 0
2.82227, 0.471191, 2.25391, 1.96094
0.785156, 0, 0, 0.814941
Layer (2, 57)
1.5498, 0, 1.2002, 0.110718
1.69336, 0, 0, 0
1.35449, 0, 0, 3.98828
2.26562, 0, 1.01855, 0.0320129
Layer (2, 58)
1.30566, 1.21094, 0.38208, 0
1.82812, 2.90039, 7.82031, 0.62207
0.702637, 1.75977, 1.5625, 0
0, 0.398682, 1.1875, 0
Layer (2, 59)
0.823242, 0.717773, 1.61914, 0
2.15039, 1.56348, 0.222534, 0
1.35645, 1.49609, 3.0293, 0.643555
2.34766, 0.566406, 1.26953, 0.326416
Layer (2, 60)
0.62793, 3.37109, 0.878906, 1.04883
0, 0, 0, 0
1.40527, 1.92285, 0, 0
0.970703, 0.931152, 0, 0.536133
Layer (2, 61)
0.203247, 0, 0, 0.395508
0, 1.7959, 0.0803833, 1.75
0, 2.23828, 2.31641, 0
0, 0.443848, 0, 2.18164
Layer (2, 62)
0, 0, 0, 0.17981
0, 0, 0, 0
0, 0, 5.15625, 0
0.542969, 0.286621, 0, 0.0842285
Layer (2, 63)
1.74609, 0, 0, 0.711914
0, 0, 0, 0
1.81738, 0, 0.567871, 0
0, 0, 0, 0
Layer (3, 0)
0, 0, 0, 2.15625
0.300537, 0.202026, 1.12598, 0
0.459961, 1.20117, 0, 0
0.247314, 1.1543, 4.20312, 0.553711
Layer (3, 1)
0.358398, 0, 0, 1.37207
0.505859, 3.72461, 0.571777, 2.89062
0, 0, 0, 0.777832
0.578613, 0.0774536, 1.09961, 0
Layer (3, 2)
0, 1.63965, 0, 1.71973
1.94434, 0, 0, 0.235718
0, 1.80957, 1.41309, 0.450195
3.39648, 0, 1.07227, 1.28516
Layer (3, 3)
1.1416, 0, 0.859375, 0.197998
0, 1.35742, 0, 0.925781
0, 0.803223, 0, 0
0, 1.44238, 0.347168, 0
Layer (3, 4)
0, 0.288818, 0.552734, 0
0, 0.436768, 0, 0
0.849609, 1.59082, 0.658203, 0.495117
0.459717, 0, 0.921387, 0
Layer (3, 5)
1.01074, 0, 0.283203, 0
0.15271, 0.980957, 0.194824, 0
0.176392, 0.895508, 0, 0.146851
0, 2.24805, 0.871582, 0.670898
Layer (3, 6)
0.215942, 1.8916, 0, 0
0, 0, 0, 0.427002
0, 0, 0.325195, 0.572754
0, 0, 0, 2.31641
Layer (3, 7)
0, 0.148682, 0, 0.499023
1.71582, 0, 0, 0.686523
0.28833, 0, 0, 0.231201
0, 3.16016, 0.660645, 0
Layer (3, 8)
0.200317, 0, 0.450928, 0.410645
0, 3.68555, 0.964355, 0.420166
0, 1.64551, 0, 0
2.05273, 0, 0, 1.58203
Layer (3, 9)
1.28027, 1.57422, 3.5625, 0.173218
1.62793, 1.4248, 0, 0
0.913086, 1.88281, 1.51367, 0.92334
0, 1.30078, 0, 0
Layer (3, 10)
0.724609, 0, 0, 1.14941
0, 0, 1.46191, 0
0, 2.52539, 0, 0
0, 0, 0.92627, 2.09766
Layer (3, 11)
0, 2.41016, 1.19141, 0
0, 0, 0, 0
1.22949, 0, 4.85938, 0
0, 0.319824, 4.33984, 0
Layer (3, 12)
0, 0, 0, 0.0601196
0.0599976, 0, 0, 1.16992
2.49219, 0.999512, 0, 0.966309
0, 0, 0, 0.213989
Layer (3, 13)
0, 0, 0.358887, 1.35156
0, 0.934082, 0.199829, 0
0, 0, 0, 1.22559
0, 2.0332, 0, 0
Layer (3, 14)
0, 0, 0, 0
0, 1.57617, 2.03906, 0
0.601562, 0, 1.79492, 0
1.40918, 0, 3.89258, 1.1582
Layer (3, 15)
0, 1.11035, 1.32227, 0
0, 2.65234, 1.0498, 0.439941
0.546387, 0, 0.49707, 0
0, 0.213501, 0, 0.370117
Layer (3, 16)
0, 1.34082, 0.510742, 1.03809
0, 2.25, 0, 0.489746
3.98438, 0, 1.08691, 0
0.740234, 0.0637207, 0.291016, 0
Layer (3, 17)
0, 0, 0, 0
0, 0.46167, 0, 1.95508
0, 0, 0, 1.02051
0.273682, 2.38477, 0.0112534, 0
Layer (3, 18)
0, 0, 0.332764, 0.780273
0.73291, 0, 1.38184, 0
0.131714, 1.37402, 0.0102539, 0
0, 0.474365, 0, 1.16602
Layer (3, 19)
0, 0, 0.17395, 0
0.562012, 0.067688, 0, 1.00293
0, 1.41406, 2.55469, 0
0, 0, 0.847168, 0.00837708
Layer (3, 20)
0.2146, 0.175659, 0, 0.342041
0, 0, 0, 1.20996
1.70801, 0, 0.145874, 0
0.473877, 0, 0, 0
Layer (3, 21)
0.3396, 0.890137, 0.650391, 0
0, 0.64209, 0.757812, 1.76172
0, 0, 0, 2.7168
1.25977, 0, 0, 0
Layer (3, 22)
0, 0, 2.1875, 0
2.36328, 1.49609, 3.70312, 0.900879
0.553223, 0, 0, 0.0978394
0, 0.631348, 0, 0.612793
Layer (3, 23)
0.891113, 0.291016, 1.80762, 0.439209
0, 1.30078, 0.307617, 1.80273
0, 0, 0, 2.21875
0.344727, 0.76416, 0.790039, 0
Layer (3, 24)
0, 3.22461, 0, 0
2.50781, 1.27734, 0, 0
0, 0, 1.41699, 0.0744019
0.0412292, 0.820312, 0, 1.56641
Layer (3, 25)
1.24707, 0, 0.639648, 0
3.56641, 0, 0, 0
0, 0, 2.85352, 0
0, 0, 0.0492859, 0
Layer (3, 26)
0.999023, 0, 0.353516, 0
2.75586, 0, 1.02539, 0.272461
0, 0, 0, 0
0, 0, 0.383301, 0.160156
Layer (3, 27)
2.82227, 1.58496, 0, 0
0.0917358, 0, 0, 0.760742
0.240845, 0, 0, 0.495605
2.14844, 0.669922, 0, 0
Layer (3, 28)
1.25684, 0, 0, 0
0, 1.29102, 1.16309, 1.28125
0, 0, 0.677246, 0
0, 0, 0.841797, 0.162842
Layer (3, 29)
0, 1.24414, 0, 0.70459
0, 0, 0.523438, 0
0.618652, 0, 1.91504, 0
0.38208, 0, 0, 0
Layer (3, 30)
0.493896, 2.64844, 0.624023, 1.51465
0.524414, 0, 0.976562, 0
0.929199, 2.60547, 0, 1.55957
0, 0.880859, 1.79297, 0.683594
Layer (3, 31)
3.04297, 0, 0, 0
0, 1.50293, 0, 0
0, 5.67969, 0.216187, 0
0, 0, 2.35547, 0
Layer (3, 32)
0, 1.30859, 1.8457, 0.413574
0, 1.92578, 4.69141, 0
0.0733643, 0, 0.0994263, 0
0, 0, 0, 0
Layer (3, 33)
0.00982666, 0.467773, 0.491943, 0
0, 0, 0, 0
1.64062, 0, 0, 2.13477
0, 1.28809, 0.312012, 0
Layer (3, 34)
0.0912476, 0, 2.49023, 0
0.641602, 0, 0.748535, 1.22852
1.15625, 0, 0, 1.1875
0, 0.263916, 0, 1.01074
Layer (3, 35)
1.42871, 2.29688, 0, 0.876465
0, 1.30176, 0.489014, 0
0, 0.302979, 0, 1.1123
0, 0, 0, 0
Layer (3, 36)
0, 0, 0, 0
0, 0, 2.13281, 2.46875
1.05078, 0.553223, 0, 0
1.31055, 1.11816, 0, 0
Layer (3, 37)
0, 0.301514, 2.0293, 0
0, 0, 0, 0.448486
0, 3.37305, 1.63477, 1.2168
0, 0, 0.292969, 1.73926
Layer (3, 38)
0.75, 1.63574, 1.59668, 0.606445
0, 0, 1.98047, 0.709961
0.651855, 0, 0.736328, 0.960449
1.41895, 0, 0, 1.83887
Layer (3, 39)
0, 1.33398, 0, 0.464111
0, 0, 1.49609, 0.0117874
0, 1.22852, 0, 1.83301
0, 0, 0, 1.71094
Layer (3, 40)
0, 2.69922, 0.687988, 0.363281
0, 0, 1.0752, 0
0.973633, 0, 0, 0
0, 1.12988, 0, 0.468262
Layer (3, 41)
0, 0.67627, 1.5957, 0.0412598
0, 0, 0.209229, 0
1.33105, 0, 0.827148, 0
0.759766, 0, 0, 3.34375
Layer (3, 42)
0, 0, 0.456787, 0
0, 0, 0.593262, 2.95703
1.59961, 2.89844, 0, 1.3623
0.837402, 0, 0, 0
Layer (3, 43)
0.503906, 1.25586, 1.11328, 1.58301
0, 0, 0, 1.64551
0, 5.00781, 0.789551, 2.73828
0, 0, 0, 0
Layer (3, 44)
0, 1.88965, 0.516113, 0.465576
0.739746, 0.343018, 3.13086, 1.4541
0, 2.16992, 0.180298, 0.137207
0, 0.547852, 1.93359, 0.396484
Layer (3, 45)
0, 0, 0, 0
0, 1.34766, 0, 0
0, 1.14551, 2.09961, 0
1.11621, 3.35938, 0, 3.0625
Layer (3, 46)
0, 0, 0.860352, 0
0, 0.606445, 1.57715, 0
0, 0, 0.995117, 0.635254
1.87305, 0, 0, 0
Layer (3, 47)
0, 0, 0, 0
0, 0, 0, 0
0, 0, 0.312256, 0.523926
0, 0, 3.9668, 0.0236969
Layer (3, 48)
0, 0, 0, 0.360596
0, 0.000115037, 0, 2.35938
0.814453, 3.15039, 1.2627, 0
0, 0, 2.16992, 0
Layer (3, 49)
1.50098, 0, 3.21484, 0
0, 0, 2.18164, 0
0, 0, 0, 2.21484
0, 3.0625, 4.14453, 1.44238
Layer (3, 50)
2.12891, 0, 0, 0.981445
0.418213, 2.00977, 1.72363, 1.63672
1.2832, 0.185425, 1.50977, 0.351318
1.58398, 2.35742, 0.419922, 0.18811
Layer (3, 51)
0, 2.06445, 0, 0
0, 0, 1.20117, 0
0.183716, 0, 0.993164, 1.02148
1.97168, 1.76367, 0, 0.186157
Layer (3, 52)
0.361572, 0, 3.68359, 0
0.307129, 0.79834, 0, 0.344482
0.0949707, 0, 0.0436707, 0.200562
1.0127, 2.44531, 0.812988, 1.33984
Layer (3, 53)
0, 0.15564, 0.386963, 2.47266
0, 1.78125, 0, 1.42969
4.33984, 0, 2.33008, 4.58984
1.70996, 0.482666, 1.69141, 0
Layer (3, 54)
0, 1.20801, 0, 1.63379
1.14648, 0, 0, 0
0, 0, 0, 0
0, 0, 0, 0.669434
Layer (3, 55)
0, 0, 0, 1.8125
0.73291, 3.15234, 0.807617, 0
3.97461, 0, 0, 0
0, 0, 2.49023, 0.967773
Layer (3, 56)
1.3418, 0, 0, 0
0.654297, 0, 0, 2.75781
0, 0, 0, 0
0.760254, 0, 0, 0
Layer (3, 57)
0.390381, 0, 1.49805, 0
1.48438, 0.267822, 0, 0
2.69922, 0, 1.41602, 2.21875
1.80273, 0, 0, 1.9834
Layer (3, 58)
0, 0.708496, 0, 0.455566
1.43457, 0.274658, 0.75, 0
0, 2.95508, 0, 0
0.218384, 0.803223, 2.32422, 1.08398
Layer (3, 59)
0.88623, 0.475098, 1.24707, 0
0, 0.714844, 0, 0
1.86719, 0.264893, 0, 0
0, 0.417236, 0, 0
Layer (3, 60)
0.0512085, 0, 1.55371, 0
0, 0, 1.52539, 0
0, 1.83887, 2.16016, 0.898438
0, 0, 0, 0
Layer (3, 61)
0, 0, 0.06073, 0
0, 1.02441, 0, 0.121216
0, 0, 0, 1.1543
0.0241241, 0, 0, 0.406738
Layer (3, 62)
0, 0, 2.44531, 0
1.65723, 0.618164, 0.888672, 0.0524902
3.00781, 0, 0, 3.18164
0, 0.258057, 0.632812, 0.0591125
Layer (3, 63)
0, 0, 0, 0
0.0107803, 0, 1.2998, 1.76953
0, 0, 0.584473, 1.8623
1.93848, 0.0517578, 0, 0