[I] output 0
(extent (4, 64, 4, 4))
Layer (0, 0)
0, 0.716797, 0, 1.1123
0.570312, 4.69141, 0.675781, 0.22937
0, 0, 0, 0
0, 0.619629, 1.72363, 0.595703
Layer (0, 1)
0, 1.88477, 0, 0
0, 0.386719, 0, 0
2.23047, 1.99902, 0, 0.494141
0.85498, 0, 0, 0
Layer (0, 2)
0, 0, 0, 2.29492
0.614746, 2.6875, 1.14258, 2.62891
2.49414, 1.96191, 0, 0.604492
0.447998, 0.425293, 0, 0
Layer (0, 3)
1.71875, 2.23828, 2.41406, 0
1.35254, 0, 0, 0
0.984863, 0, 0, 0
0, 0, 0, 0
Layer (0, 4)
1.82031, 0, 0, 0
3.27734, 0, 0, 0
0, 0, 2.27539, 0
0.513672, 0, 0.373047, 0
Layer (0, 5)
0, 2.64648, 0, 0
0, 0, 0, 2.41992
0, 4.80469, 0.566406, 0
0, 0, 0, 1.04102
Layer (0, 6)
0, 0, 0.459961, 0
0, 0, 0.615234, 3.33008
0.970703, 0, 0, 0
1.4502, 2.69922, 1.70508, 0.353516
Layer (0, 7)
1.46094, 0, 1.99316, 1.84863
0, 1.85254, 0.849609, 1.75098
0.873535, 0, 1.58789, 0
0, 0, 0.609375, 1.64355
Layer (0, 8)
0, 0, 0, 4.75781
0, 0.640625, 0, 0
0, 5.75, 0, 1.79297
0, 0, 2.33594, 0
Layer (0, 9)
0.924805, 1.9502, 0, 0
0, 0.774414, 1.59375, 0
0, 0, 0.0802612, 1.46387
1.28711, 0, 0, 1.67578
Layer (0, 10)
0, 3.17969, 1.03906, 0
0.9375, 2.35156, 5.15625, 0
0, 0, 0.0444336, 0
0.470459, 2.35547, 0, 2.83594
Layer (0, 11)
0, 0, 0, 1.74805
3.83398, 2.7832, 0, 1.13379
0, 0, 0.65332, 0.345703
0, 5.03125, 0, 0
Layer (0, 12)
0, 0, 0.806641, 1.81836
0, 0, 0.967773, 1.99316
0, 0.762695, 0, 0.287598
0, 0.554688, 0, 0.557129
Layer (0, 13)
1.11133, 0, 0.6875, 0
0, 0.441406, 0.541016, 0
0, 0.993652, 0, 1.46582
0, 1.09277, 1.89062, 0
Layer (0, 14)
2.47266, 0, 2.80469, 0
0.588379, 0, 0.413086, 0
0, 0, 0, 0
0.0327148, 0, 0, 0
Layer (0, 15)
1.92969, 0, 0, 1.11719
0.70166, 0, 0, 0.179688
0, 0, 0, 0.666992
0.662109, 3.05469, 0, 0
Layer (0, 16)
1.6748, 0.357422, 2.0332, 2.29102
0, 0, 0, 0
3.32031, 0, 3.16797, 1.25293
0, 0, 0, 0.0703125
Layer (0, 17)
1.72852, 0, 0.262451, 0.996582
0.884766, 0.966797, 2.83984, 0
0, 2.70312, 0, 0
0, 0, 0, 1.10059
Layer (0, 18)
0.958008, 0, 0, 0.541992
0.578125, 2.98828, 2.8418, 0
1.78223, 0, 0, 1.69727
0, 0.765625, 0.818359, 0.981934
Layer (0, 19)
0.84375, 0.827637, 0.461914, 0.883301
0.0811768, 1.54785, 0, 0
1.46191, 0, 1.54102, 2.79102
0, 0, 1.08398, 0
Layer (0, 20)
1.63477, 0.848633, 1.50488, 0
0.816406, 0.294922, 0, 0
0.783203, 0, 3.22266, 0
3.42188, 0.194336, 1.29883, 0
Layer (0, 21)
0, 0, 0, 0
0.798828, 2.91211, 0, 0
1.61133, 4.60156, 0, 1.69336
1.15332, 0, 1.80176, 0
Layer (0, 22)
0, 0, 0.586914, 0.418945
0.77002, 0, 3.67969, 0
0.790039, 2.83594, 0.395996, 4.16016
0, 0, 0, 1.53906
Layer (0, 23)
0.13623, 0.946289, 2.1875, 0.264404
0.593262, 0.164062, 1.14258, 0.42334
1.34277, 0, 0, 0
0.561035, 1.30762, 0.626953, 0.79541
Layer (0, 24)
0, 1.81152, 0, 0
0.287598, 0, 0.782227, 2.5
1.25586, 0, 0, 1.41602
0, 0.40918, 1.36133, 0
Layer (0, 25)
0.86084, 3.20117, 0, 0.283691
0, 0, 0, 1.1582
0, 4.53516, 0, 0
0.578125, 0, 1.8418, 1.01172
Layer (0, 26)
2.26172, 0, 1.42969, 0
0, 0, 0, 3.01562
0.5625, 0, 1.24121, 1.47461
0, 0, 0.777344, 0.900879
Layer (0, 27)
0.90918, 0.546387, 1.83105, 0
2.67773, 0.688477, 0, 0
0, 0, 2.95508, 0
0, 1.57227, 0.358887, 0.290039
Layer (0, 28)
1.3125, 0.710449, 0.602539, 0.137939
0.0153809, 0.36377, 0, 2.17773
0.999023, 4.16797, 1.01953, 0.63623
0.421631, 0, 0.59375, 0
Layer (0, 29)
0.705566, 0.959473, 0.763672, 0
0, 0, 0.106445, 0.0644531
1.95508, 0, 0.912598, 0.436768
1.12402, 0, 1.39941, 0
Layer (0, 30)
0.340332, 0.71875, 0, 0
0, 3.20117, 5.57031, 0
0, 0.222656, 0.97998, 0.0419922
0, 0, 0, 0
Layer (0, 31)
0, 0, 1.57812, 0
0.571289, 2.21875, 0, 0
1.03418, 1.06641, 0, 0
0.893555, 0.499023, 0, 0
Layer (0, 32)
0, 2.43359, 0, 0
0.385742, 0.12207, 0.0595703, 0.767578
0, 2.14062, 2.55469, 0
1.94531, 0, 1.46582, 0
Layer (0, 33)
1.03809, 1.00098, 0.725586, 0
0, 0, 0.221802, 0.0512695
0, 2.46484, 0, 0
0, 1.77148, 1.46387, 0.291504
Layer (0, 34)
0, 0, 0, 0
0, 4.57812, 1.4082, 0
0, 0, 2.30859, 0
0.910645, 0, 1.67578, 0.476807
Layer (0, 35)
2.65039, 0, 0, 1.21582
0, 0, 0.835938, 0.111328
0, 0, 0, 1.96582
0, 1.30273, 0.643555, 0.122681
Layer (0, 36)
0, 0, 1.0918, 0.207031
1.70898, 0, 0.0966797, 0
3.45703, 0, 0, 2.70312
0, 0, 0, 0
Layer (0, 37)
0, 0.0693359, 0.389893, 0.640625
0.190918, 0, 0.326172, 0
1.71094, 1.49121, 0, 1.57422
0, 0, 2.02344, 0.166992
Layer (0, 38)
0, 0, 0.976562, 1.23633
0, 0, 3.22266, 0
0, 0, 0, 0.998047
0, 0, 0, 1.56641
Layer (0, 39)
0, 0, 0.447998, 0
0, 0, 0.324219, 0.438965
0.655762, 0, 0, 0
1.62793, 1.04102, 0, 0
Layer (0, 40)
0, 0.110107, 0.681641, 0
0.0266113, 0.863281, 0, 0
0, 0.953613, 2.05859, 0.520508
0.208984, 0, 0, 0
Layer (0, 41)
0.699707, 0, 0.378174, 0
1.17578, 0, 0, 0
0.275879, 1.9043, 0, 0
1.83105, 0.0383301, 0, 0
Layer (0, 42)
0, 0.330078, 0, 0
0, 0.802734, 0.0175781, 0
0, 0.782227, 0, 0.0761719
0, 0, 2.42773, 2.71484
Layer (0, 43)
1.64453, 0, 2.39648, 0
2.48438, 0, 0.639648, 0
0, 0, 1.79102, 0
4.4375, 0, 1.47363, 0.805664
Layer (0, 44)
1.04199, 0, 0.568848, 1.31543
3.82031, 0, 0.210449, 0
0.51123, 0.669922, 1.73926, 0.97998
0, 0, 0.697266, 0.866211
Layer (0, 45)
0, 0.315186, 1.36133, 0.431641
0, 0, 0.395996, 0
2.57031, 1.27246, 0, 0.591797
0.118164, 0.646484, 0, 2.61328
Layer (0, 46)
3.41406, 0, 1.02832, 1.28125
3.30078, 0.673828, 0, 0.9375
0, 0, 0.21875, 3.83594
0, 2.89453, 2.15234, 0
Layer (0, 47)
0.523438, 0, 1.24805, 0.966797
4.78906, 0, 0, 1.12109
2.26562, 0, 1.58691, 0
0, 0, 0, 2.44141
Layer (0, 48)
0.683594, 0, 0.680664, 0
0, 1.47266, 0, 0
0, 1.38184, 1.00488, 2.38672
2.17188, 0, 0, 0.651855
Layer (0, 49)
1.05469, 0, 1.32031, 0
0, 1.36719, 0, 1.50781
0, 2.35156, 0, 0
0, 0.393555, 0, 0.527344
Layer (0, 50)
0, 1.03125, 0, 1.3125
1.5293, 1.54102, 0, 1.52734
0.820312, 0, 1.53906, 0.321777
1.1875, 0, 1.42969, 0
Layer (0, 51)
1.97266, 2.31836, 0, 0
0.0739746, 2.60547, 0, 0
0.647461, 1.7627, 1.05078, 2.22266
0, 1.34961, 0, 0
Layer (0, 52)
0.203613, 1.56641, 0, 0
2.16797, 2.98438, 0, 2.66602
0, 2.58984, 1.07812, 1.05859
0, 0, 0, 0
Layer (0, 53)
0.250977, 0.133789, 0, 0
0, 0, 1.66113, 1.17969
0.125977, 0, 0, 0
2.19141, 0, 0.895508, 0
Layer (0, 54)
1.73438, 0, 0.974609, 0
0, 1.12305, 1.29102, 0.729004
0.942383, 0.316406, 0, 0.800781
0, 0, 1.89648, 2.12109
Layer (0, 55)
0, 0, 0, 0
2.80859, 0, 2.66406, 0
0, 0, 0, 2.86328
0, 0.811035, 0.693359, 0
Layer (0, 56)
1.4668, 0, 0, 2.04688
0, 0, 0, 0
3.41406, 4.67578, 0.445557, 0
0.839844, 0, 0, 1.36523
Layer (0, 57)
1.00391, 0, 0, 0
0, 0, 0, 0
0, 0.530273, 0.943848, 1.66602
0, 0, 0.465088, 0
Layer (0, 58)
0, 0.506348, 0, 1.18555
0, 0, 0, 0
0, 0, 2.75977, 0
0.135254, 0.243164, 0.268555, 0
Layer (0, 59)
0.5625, 0, 0, 0.0458984
1.03711, 0.90918, 0, 1.33691
0, 1.81934, 0, 0.583496
1.31543, 0.682129, 2.16406, 0.773438
Layer (0, 60)
0.992676, 0, 0, 1.05078
0, 0.875977, 0.821289, 0
0, 3.875, 0, 1.26953
0.807129, 1.2832, 1.54102, 0.661133
Layer (0, 61)
0.135498, 0, 2.38477, 0
0.769531, 0, 0, 0.410645
0.0898438, 1.61426, 1.05078, 0
1.11719, 0.950195, 0.606934, 0.41748
Layer (0, 62)
0, 0.68457, 0.09021, 0.467285
1.08789, 0, 0, 0
0, 0, 1.1084, 0.0732422
0.604004, 0.902344, 0, 0.557129
Layer (0, 63)
0, 0, 2.90039, 1.33984
0.208984, 0.791992, 2.87305, 0
4.5, 2.38281, 0, 1.80469
0, 0, 1.53906, 0.214111
Layer (1, 0)
1.8291, 2.04492, 1.67871, 1.94336
0, 0, 0.470703, 0.984863
0, 1.02539, 0, 0.981445
0, 2.96094, 0, 2.04492
Layer (1, 1)
0, 2.69141, 1.60547, 1.46777
3.08594, 0, 0.51123, 1.77539
0.462891, 2.94531, 2.03125, 0
1.14746, 0, 1.16309, 1.77734
Layer (1, 2)
2.71094, 0.513672, 0, 2.33398
0.892578, 0, 0, 0.330078
0.336426, 0.969727, 0, 0.187256
0.918457, 0.262939, 0, 0.0278015
Layer (1, 3)
1.2959, 0, 0.931641, 0
0, 0.0107422, 0, 1.2627
0.762695, 1.75977, 0, 0
0, 3.12109, 0.336426, 0
Layer (1, 4)
0.710938, 0.998535, 0.806152, 0.514648
1.40918, 4.47656, 0, 0
2.46289, 0, 0, 0
2.62109, 2.05078, 0, 0.104004
Layer (1, 5)
0, 0, 3.38672, 0
0.474365, 0, 0, 0.426758
0, 1.38379, 1.4541, 0
1.37793, 0, 1.29199, 0
Layer (1, 6)
0, 0, 0.216309, 0
0, 2.3418, 0, 0
0, 0, 1.04199, 0
1.78906, 0, 0, 0.724609
Layer (1, 7)
0, 0, 0.49292, 2.22852
0.768555, 0.696289, 1.68945, 0
0, 1.04102, 0, 0
0, 0.325195, 1.10254, 0
Layer (1, 8)
1.00684, 1.49414, 0.0368652, 1.27344
0, 3.48633, 1.13086, 0
0, 0.0117188, 1.39844, 1.64062
0, 0, 1.12109, 0
Layer (1, 9)
0, 0, 3.04492, 0.142822
0.410645, 0.579102, 0, 2.0332
0, 0.0936279, 0.481934, 0
0, 0, 0, 0
Layer (1, 10)
0, 0, 0, 0
0, 0.913086, 0.864746, 0
0, 3.69141, 0, 0
0.44043, 0, 0, 0
Layer (1, 11)
0, 1.70312, 1.99609, 0.391113
0.544922, 2.07422, 1.05762, 0
2.1543, 0.462402, 1.47168, 0.62793
0, 3.96094, 3.91016, 0
Layer (1, 12)
0, 3.04688, 0, 0
0.478027, 0, 4.125, 0
2.20312, 2.35547, 0, 0.0253906
0, 1.45703, 0, 0.831055
Layer (1, 13)
2.36719, 0, 0, 0
1.62305, 0, 0, 0
0, 0.453125, 1.62305, 0
0, 0, 0, 0
Layer (1, 14)
0, 0, 0, 0
0.209961, 0, 5.90234, 0.802734
0.727051, 0, 0, 2.48242
0, 0, 0, 0
Layer (1, 15)
1.00586, 0, 0, 0
0.848633, 0, 0, 0
0, 0, 1.26562, 2.32031
0, 1.62207, 0.0693359, 0
Layer (1, 16)
1.72852, 0.949219, 0.55957, 1.24902
1.85059, 0, 0, 0.324219
0, 4.26562, 2.68164, 0.783203
1.26953, 0.296387, 0, 0
Layer (1, 17)
0, 0, 0.0429688, 0.617188
0, 0, 0, 0
0, 0, 0, 2.53516
0, 0, 0.85498, 0
Layer (1, 18)
0.108398, 0, 0, 0
0.546387, 0, 0, 2.53125
0, 0, 0, 1.82812
0.9375, 0, 2.1543, 0.687988
Layer (1, 19)
1.92773, 1.94336, 0, 0
0, 3.81641, 0.503418, 0
0, 5.94531, 0, 0
1.78809, 0, 0, 0
Layer (1, 20)
0, 0, 0, 0
0.0158691, 0, 0.313965, 1.20898
0, 3.07227, 0.574707, 0
0.488281, 0, 0, 2.52539
Layer (1, 21)
0.717773, 2.73242, 3.79297, 1.61133
1.13281, 0, 0, 1.87012
3.10156, 0.503906, 0, 2.87305
1.90918, 0, 0.170898, 0
Layer (1, 22)
0, 0, 2.20312, 0
0.543457, 2.41992, 0, 0
0.203857, 1.51953, 0, 2.51172
0, 0.724609, 0, 1.68457
Layer (1, 23)
0, 0.583008, 0.925781, 0
0, 0, 1.25586, 4.94531
0, 0, 0, 0.642578
0, 0.199585, 0, 0.262695
Layer (1, 24)
0.179199, 1.85156, 1.0957, 0
0, 0, 2.52344, 1.38086
0.410156, 0, 2.23047, 1.83105
0, 0.0498047, 0, 0.139893
Layer (1, 25)
0.53125, 0.104248, 0, 0.0879517
0, 0, 1.00098, 0
0, 0, 0, 0
1.91211, 0, 0, 1.2373
Layer (1, 26)
0, 0, 0, 0.374756
0, 0, 0.0595703, 0
0, 0, 0, 0
1.4248, 0, 0.625, 0
Layer (1, 27)
0.3125, 0, 0, 0.232422
0.212891, 0.0942383, 3.95508, 2.2832
2.41797, 1.07031, 0, 0
0, 0, 0, 0
Layer (1, 28)
0, 0, 2.74414, 0
0, 0, 0, 0
0, 0, 1.17383, 1.45215
0.229614, 0.666992, 0, 0
Layer (1, 29)
0, 0, 1.22363, 0.861328
0, 1.81836, 0, 0
0, 0, 0, 0
1.3291, 2.3457, 0, 0
Layer (1, 30)
0, 0.999023, 2.94531, 0.481445
0.174438, 3.07031, 0, 0
0, 1.8125, 0, 1.24219
0, 1.39062, 0, 0.409668
Layer (1, 31)
0, 0.387207, 0, 0.102051
0, 0, 0, 0
0, 0.0708008, 0.553711, 0
0, 1.55078, 0.220825, 0.113037
Layer (1, 32)
0, 0, 3.03125, 0.919922
1.00293, 3.66016, 0, 0
0, 4.34766, 2.79688, 0
0.612305, 0, 0.775879, 0
Layer (1, 33)
1.21289, 2.60938, 0.0903931, 0.271484
1.04492, 1.77734, 0.918945, 0
1.03613, 0.533203, 0, 0.552246
0, 0.68457, 0, 1.39648
Layer (1, 34)
0, 1.80273, 1.2002, 0
0, 1.83203, 1.38184, 0
0, 3.16406, 0, 0
0, 1.22949, 1.67773, 0.746094
Layer (1, 35)
0, 2.91797, 0, 0
2.02734, 0, 0, 3.1582
0, 2.23047, 0, 0
0, 0, 0.123047, 0
Layer (1, 36)
0, 1.50586, 0.579102, 0.237061
0, 0.563477, 0.36084, 1.66797
0, 0, 1.56348, 0.405518
0, 0, 0, 0
Layer (1, 37)
0.478516, 0.571289, 1.70508, 2.30859
0, 0, 0, 2.18555
0, 1.28906, 0, 0
1.06836, 0.015625, 0, 0.03125
Layer (1, 38)
0, 0.586914, 0, 0
0, 0.776367, 0, 0.756836
1.49414, 0, 0, 0.00390625
0, 1.87695, 3.82227, 0
Layer (1, 39)
1.67871, 0, 0, 0
0, 0, 1.63477, 3.08594
0.858398, 0, 0, 0
0.270508, 0, 0, 2.91211
Layer (1, 40)
0, 0, 0, 0
0, 0, 0.164062, 0
0.538086, 0.910156, 0.967773, 0
0, 0.579102, 0, 1.5498
Layer (1, 41)
0, 0.98877, 2.08008, 1.25977
0.654297, 0.729004, 0, 2.16992
1.2793, 0, 0, 0
0, 0, 0.833984, 0
Layer (1, 42)
0.206299, 0, 1.52344, 0
0.789551, 0, 2.36719, 0
0, 0, 3.37109, 0.901367
0.915039, 0, 0, 1.6377
Layer (1, 43)
2.44336, 0, 0, 4.4375
0.428711, 0, 0, 0
0, 0, 3.49023, 0
0.496582, 0, 2.67188, 0.771484
Layer (1, 44)
0, 0.617676, 0.097168, 1.62109
0, 2.18164, 2.65234, 0
0, 1.32031, 0, 0
0, 0.188965, 0, 0.664551
Layer (1, 45)
0.674316, 0, 2.68164, 0
0, 0.0394897, 1.35156, 0
2.06641, 0, 0, 0
0, 0, 0, 1.39648
Layer (1, 46)
0, 1.70703, 0, 0
0, 0, 3.23047, 0
0, 2.34375, 2.52734, 0
0, 3.14062, 0, 0
Layer (1, 47)
0.0566406, 1.28125, 0, 0
0, 0, 3.22266, 2.27344
0, 0, 0, 0
0.189819, 0, 1.64648, 0
Layer (1, 48)
0.282471, 2.94531, 2.16602, 0.179077
0, 0.263184, 0.296875, 2.85156
1.16211, 0, 0, 0
0, 0, 4.66406, 0
Layer (1, 49)
0, 0.106201, 2.17773, 0.206055
0.285889, 1.62598, 0, 1.43848
0.850586, 1.28906, 0, 0
0, 0, 1.15625, 0
Layer (1, 50)
0, 0, 0, 0
0, 0.233398, 1.11133, 2.51953
0, 0.230225, 2.40625, 0
1.00098, 0.213623, 0, 0.385742
Layer (1, 51)
0, 0, 0, 0
0.589355, 0, 1.53027, 0.145508
0.368652, 0.400391, 0.714844, 0
0, 0, 0, 0
Layer (1, 52)
0, 0, 2.62891, 0.139648
0, 0, 2.80664, 0
0, 0.264893, 0, 0
0.498047, 0, 0.635742, 2.27539
Layer (1, 53)
0.874023, 0, 0, 3.41406
2.76953, 0, 0, 0
0.431152, 0.733398, 0, 2.46289
2.0625, 0, 0, 0.786621
Layer (1, 54)
1.72656, 0, 0.0327148, 0
0, 0, 0, 1.10645
1.24707, 0, 1.90039, 4.34766
0.29834, 3.44336, 0, 0
Layer (1, 55)
0, 0, 0, 0
2.35938, 0, 0, 1.95703
0.202148, 1.47363, 1.86719, 0
0, 0, 0.926758, 0
Layer (1, 56)
2.125, 2.55469, 0.306641, 0.62793
0, 0.138184, 2.13477, 3.15039
0, 0, 0, 3.25586
0.550293, 1.41113, 0, 1.66113
Layer (1, 57)
0, 0.932617, 0, 0
0.976562, 0, 0.0888672, 0
0, 0.0632935, 3.0625, 0.538086
0, 0, 0, 0.0131836
Layer (1, 58)
0, 0, 2.21484, 0
0.0800781, 0.975586, 0, 0.983398
0, 2.17188, 0, 0
0, 0, 0, 0.570312
Layer (1, 59)
0, 0, 0.507324, 0.519531
2.65234, 2.35547, 0, 0
0.916016, 0, 3.53516, 0
0, 0, 0, 0
Layer (1, 60)
0.500977, 0, 0, 0.108337
0, 0, 2.14062, 0.890625
0.116699, 0, 0.217773, 0.949219
1.4043, 0.724121, 0, 1.72363
Layer (1, 61)
1.91309, 3.23828, 0, 0
0, 3.44141, 0.313965, 1.42578
2.4668, 0, 0, 2.29688
0, 0, 0, 0.35791
Layer (1, 62)
0, 0.0239258, 1.72754, 0.444824
2.0332, 0, 0, 0
0.857422, 0.0126953, 0, 0
0.0332031, 0, 0, 0
Layer (1, 63)
0.219727, 0, 0, 0.524414
0.398926, 2.41406, 0.830078, 0
0, 1.26367, 0, 1.35742
0.651855, 0, 0, 1.95312
Layer (2, 0)
0, 0, 0.111511, 0
0, 1.93164, 0, 0.822266
0, 0, 2.71289, 1.00977
0, 0, 0.788574, 1.6543
Layer (2, 1)
0.984375, 1.11523, 0, 1.75
0, 0.797363, 0, 0
0, 0.143066, 0, 0
0, 1.82422, 0.439453, 2.79688
Layer (2, 2)
0, 1.42773, 0, 1.74219
0, 0, 0, 0
0, 2.07227, 0, 0.748535
0, 1.04395, 0, 0
Layer (2, 3)
0.191406, 1.10059, 0.773438, 1.35547
2.86523, 2.14648, 0, 0
0, 2.41992, 0, 0
0, 1.7041, 3.16797, 0
Layer (2, 4)
0.634766, 0, 0.864258, 0.658691
0.0424805, 0, 5.47656, 2.5918
0, 0, 0, 0.387451
0, 0.135986, 0.494873, 0
Layer (2, 5)
0, 0, 1.04199, 3.10352
0, 0, 0, 2.5293
0, 0, 0, 1.34863
1.36719, 0.381836, 0.717773, 0
Layer (2, 6)
1.54785, 2.25391, 1.45508, 0
0, 0.410645, 0.0127869, 0.839355
1.62012, 0, 0, 0
0, 0.0849609, 0, 0.0454712
Layer (2, 7)
0, 0, 0, 0
0, 0.336914, 0, 0
0, 0, 0, 1.32422
1.16309, 1.73828, 0.631348, 0
Layer (2, 8)
0.279541, 1.57422, 1.00586, 0
1.09766, 0, 0, 0.333252
0, 0.812988, 0, 0
0, 1.32031, 2.35156, 0
Layer (2, 9)
2.99609, 1.10352, 0, 2.50195
3.25391, 0, 1.1123, 0
0, 0, 3.27539, 0
0.587402, 0.999023, 0.546387, 0
Layer (2, 10)
0, 0, 0, 0
0.242188, 0, 0, 1.54492
1.29395, 1.80078, 0.37085, 0.847656
0, 1.16992, 0, 0.624023
Layer (2, 11)
0, 0.79541, 0, 0
1.95117, 0, 1.07422, 0
0, 1.62891, 0, 0
0, 1.9707, 0, 0
Layer (2, 12)
0, 1.3584, 0, 0.188232
0.702148, 0.496094, 4.01953, 0.050293
0, 1.42773, 0, 0
0.544922, 0.496826, 0.0488281, 0
Layer (2, 13)
0, 1.00977, 0.0313721, 0.743652
0, 0.915039, 0.556641, 0
0.225586, 0.25, 0.699219, 0
0.483398, 1.35156, 0.174561, 0
Layer (2, 14)
1.65039, 0, 2.65234, 1.4541
0.276367, 3.48438, 0.466797, 0.80127
0.0888672, 0.453369, 0, 2.20898
0.469238, 0.830078, 0, 0.0915527
Layer (2, 15)
0.0550537, 2.36914, 0.181641, 0
0, 0, 1.30762, 0
0.00463867, 0, 0, 0
0, 0, 0, 0
Layer (2, 16)
0.349609, 1.25586, 0.702148, 1.79883
0, 0, 0, 0
2.89453, 3.24023, 0, 0.191406
1.05566, 0.59375, 0.305176, 0
Layer (2, 17)
0, 0, 0, 0.142578
0.550293, 0.0605469, 0, 0
0, 0, 1.92578, 1.24316
1.19824, 1.10742, 0, 1.21191
Layer (2, 18)
0.167725, 0, 0, 0
1.50586, 2.10742, 0, 0
0, 2.125, 0, 2.70898
0, 0, 0, 0.614258
Layer (2, 19)
0, 0.0141602, 1.22266, 0.490234
1.58594, 0, 0, 0
1.8584, 3.36719, 0, 1.12793
0, 2.16406, 0.950195, 0.289062
Layer (2, 20)
0.176758, 0.675293, 2.41602, 0
0.301758, 1.15625, 0.256836, 0
1.80859, 0, 0.789062, 0
1.38574, 0, 3.24805, 0
Layer (2, 21)
0, 0, 0, 2.01367
0, 0, 1.50293, 0
0, 2.46484, 0.497559, 0
2.55078, 0, 4.53516, 0
Layer (2, 22)
0, 3.28906, 0, 0
0, 0.940918, 0.598633, 0
0, 2.9668, 0, 0
1.25098, 0.895508, 0, 1.05273
Layer (2, 23)
2.78906, 0.540527, 1.24707, 0
0, 0.779297, 0, 0.259766
1.18066, 0, 0, 0
0, 0.4104, 0.791016, 0
Layer (2, 24)
0.0822754, 0, 1.31641, 0
0.39209, 0, 0, 0
0.646484, 1.67773, 0, 0
0, 0, 1.32812, 1.1582
Layer (2, 25)
0, 0, 2.17969, 0
0, 0.751465, 0, 0
0.207031, 0, 0, 0
0.507812, 1.4668, 0, 0
Layer (2, 26)
1.09473, 0, 0, 0
0.487305, 3.65234, 0.597656, 1.59766
3.30469, 0, 0, 0
0, 2.99219, 0, 0
Layer (2, 27)
1.52637, 0, 0.125977, 0
0.668457, 0.042511, 1.13965, 1.58594
0, 1.07324, 0.300049, 2.74609
3.18164, 0, 0.991211, 0
Layer (2, 28)
0.668945, 2.7832, 0, 0
0, 0, 0.422119, 0
1.63477, 2.91797, 0, 0
0.422852, 0, 0, 0.155762
Layer (2, 29)
0.0401611, 0, 0.777344, 0.852539
0.207642, 0, 0, 0
0, 0, 0, 0.0249023
0.019043, 1.30176, 0, 2.23047
Layer (2, 30)
1.92578, 0, 0.744629, 0
1.60352, 0, 0, 0
0, 1.80859, 3.14844, 1.2207
0, 0, 0.4375, 0
Layer (2, 31)
0.291016, 0.406738, 0, 0
0, 0, 0, 0
0, 0, 0.142578, 0
1.87891, 0, 0.303711, 0
Layer (2, 32)
0, 0, 0, 0
0, 0, 0.381836, 0
0.109375, 0, 0, 0.163452
0.654297, 0.361328, 0, 0
Layer (2, 33)
0, 0, 0, 0.843262
0, 0.117188, 0.00550461, 0
0, 2.64453, 3.2793, 0
0, 1.2627, 0, 0.339355
Layer (2, 34)
0, 0, 0.0383301, 2.30469
0, 0, 1.26953, 2.16016
0.734375, 0.967773, 2.16211, 0.520996
0, 0, 1.47656, 0.0838623
Layer (2, 35)
0, 1.64844, 0, 0.480469
0, 0, 2.62305, 1.08203
0.397705, 0, 0, 0.342285
0.0249023, 0.562988, 0.321777, 0.127686
Layer (2, 36)
1.92969, 1.43262, 0, 0
0.00585938, 0, 0, 1.61719
1.97266, 1.20801, 0, 1.38281
0, 0, 0, 0
Layer (2, 37)
2.57422, 0, 0.30542, 2.36328
0, 2.1875, 0, 0
1.39258, 0, 0, 0
2.23438, 0, 0, 2.27734
Layer (2, 38)
2.66016, 0.137695, 0, 0
0.185059, 0, 2.82422, 0
0, 1.70898, 0, 0
0, 2.9707, 0, 0
Layer (2, 39)
0, 0, 0, 0
0, 0, 0, 0.289551
0, 0, 0, 0
0, 0, 2.74414, 1.00391
Layer (2, 40)
0.328125, 0, 0.223633, 1.90039
2.30859, 0, 1.72656, 1.93164
1.00684, 0.273438, 2.62695, 0
0, 0, 0.619141, 0.315918
Layer (2, 41)
1.28516, 3.21875, 0.868652, 0
0.115234, 0, 4.87891, 0
0.212891, 0.900391, 0, 0.712891
2.20312, 2.37305, 0, 1.1123
Layer (2, 42)
0, 0, 0, 0.983398
0, 0, 0.442627, 0
1.57422, 0, 2.4043, 0
2.20312, 0, 0, 0
Layer (2, 43)
1.04883, 0, 1.48047, 0
1.08789, 0, 0, 0
0, 0, 0, 0
0.915039, 0, 0, 0.423096
Layer (2, 44)
0, 0, 0.35791, 0.340576
0.549316, 0, 0, 0
0, 0, 0, 0.681152
0, 0.156738, 0.831543, 0
Layer (2, 45)
0.898438, 0.355957, 0, 1.63867
0, 0, 0, 0
0, 0.750977, 0.989746, 3.23828
0, 0.918457, 1.11914, 0.697266
Layer (2, 46)
2.93359, 0, 0, 0
0, 0, 0, 0
0.684082, 0, 2.49219, 0
0, 0, 3.40625, 0
Layer (2, 47)
0, 0, 0, 1.05762
0, 0, 0, 4.22266
1.28711, 0, 4.75391, 0
0.306641, 0.354492, 2.08594, 0
Layer (2, 48)
0, 0.660645, 0.664062, 0
0.62207, 0, 1.55957, 1.87012
0, 0, 0.950195, 0
0, 0, 0, 0
Layer (2, 49)
0, 0.0522461, 0.745117, 0
0, 4.90625, 0, 0.950195
0.462646, 1.59082, 2.01953, 0.789062
0.182861, 0, 0, 0.436523
Layer (2, 50)
0.414795, 0.831055, 0, 0.431885
0.459961, 0, 2.5918, 0
1.8457, 0, 0, 0
0, 0, 0, 0.381348
Layer (2, 51)
0, 0, 0.892578, 0.95752
0, 0, 0, 1.85352
0, 1.54199, 0, 3.125
0.455566, 0.497314, 1.63672, 0.0808105
Layer (2, 52)
0.355957, 0, 0, 0.295898
0, 2.58398, 0, 0
0, 0, 0, 0
1.41016, 0.107361, 0, 0
Layer (2, 53)
0, 0.828613, 0.060791, 0
1.19141, 3.01172, 0, 0
2.64062, 1.40723, 0.656738, 0.120605
1.75586, 1.80371, 0, 0.0429688
Layer (2, 54)
0.3125, 0, 0, 2.26953
0.00488281, 0.34082, 1.84277, 2.56445
0, 0.893555, 0, 1.59375
0.793945, 0, 0, 0.221191
Layer (2, 55)
0, 1.2207, 0.689453, 2.9375
1.6543, 0, 5.26172, 0
0.00292969, 3.62305, 0, 0.300781
0.708496, 0, 0, 0.754883
Layer (2, 56)
0, 0.545898, 0, 0
3.91602, 0, 0, 0
2.82031, 0.472168, 2.25, 1.9668
0.785645, 0, 0, 0.816406
Layer (2, 57)
1.55176, 0, 1.19922, 0.112305
1.69629, 0, 0, 0
1.34375, 0, 0, 3.98242
2.26953, 0, 1.0166, 0.0307617
Layer (2, 58)
1.30469, 1.21094, 0.384766, 0
1.83008, 2.89844, 7.82812, 0.62207
0.70459, 1.76074, 1.56055, 0
0, 0.396973, 1.19141, 0
Layer (2, 59)
0.827148, 0.71582, 1.61523, 0
2.1543, 1.56641, 0.219238, 0
1.35449, 1.49316, 3.02734, 0.643066
2.3457, 0.567383, 1.27051, 0.32666
Layer (2, 60)
0.62793, 3.36719, 0.876953, 1.04785
0, 0, 0, 0
1.40625, 1.9248, 0, 0
0.970215, 0.931641, 0, 0.537109
Layer (2, 61)
0.204956, 0, 0, 0.392578
0, 1.7959, 0.0811768, 1.74902
0, 2.24023, 2.32812, 0
0, 0.443359, 0, 2.18555
Layer (2, 62)
0, 0, 0, 0.183594
0, 0, 0, 0
0, 0, 5.14844, 0
0.542969, 0.288086, 0, 0.0888672
Layer (2, 63)
1.74902, 0, 0, 0.708984
0, 0, 0, 0
1.8125, 0, 0.569824, 0
0, 0, 0, 0
Layer (3, 0)
0, 0, 0, 2.1543
0.30127, 0.202393, 1.12305, 0
0.456787, 1.20312, 0, 0
0.247925, 1.1543, 4.21094, 0.553223
Layer (3, 1)
0.360107, 0, 0, 1.37109
0.507812, 3.72656, 0.577148, 2.88867
0, 0, 0, 0.776367
0.580078, 0.0761719, 1.10449, 0
Layer (3, 2)
0, 1.64062, 0, 1.7207
1.94629, 0, 0, 0.241211
0, 1.81055, 1.40625, 0.446289
3.40234, 0, 1.07129, 1.28809
Layer (3, 3)
1.14062, 0, 0.85498, 0.196777
0, 1.35742, 0, 0.927734
0, 0.816406, 0, 0
0, 1.44922, 0.347168, 0
Layer (3, 4)
0, 0.287598, 0.554688, 0
0, 0.435303, 0, 0
0.855469, 1.58594, 0.65625, 0.499512
0.462891, 0, 0.922852, 0
Layer (3, 5)
1.00977, 0, 0.279785, 0
0.15918, 0.978516, 0.197266, 0
0.178345, 0.890137, 0, 0.140625
0, 2.24414, 0.864258, 0.668945
Layer (3, 6)
0.211914, 1.8916, 0, 0
0, 0, 0, 0.429688
0, 0, 0.325195, 0.574219
0, 0, 0, 2.3125
Layer (3, 7)
0, 0.152344, 0, 0.495605
1.71484, 0, 0, 0.687012
0.287109, 0, 0, 0.23291
0, 3.15625, 0.662109, 0
Layer (3, 8)
0.199707, 0, 0.451172, 0.410156
0, 3.69141, 0.966797, 0.417969
0, 1.64551, 0, 0
2.05273, 0, 0, 1.58203
Layer (3, 9)
1.27246, 1.57812, 3.5625, 0.17334
1.62793, 1.42969, 0, 0
0.912109, 1.87109, 1.51367, 0.920898
0, 1.2998, 0, 0
Layer (3, 10)
0.723633, 0, 0, 1.14746
0, 0, 1.45312, 0
0, 2.52734, 0, 0
0, 0, 0.925293, 2.09766
Layer (3, 11)
0, 2.40625, 1.19238, 0
0, 0, 0, 0
1.2334, 0, 4.85547, 0
0, 0.322754, 4.34766, 0
Layer (3, 12)
0, 0, 0, 0.0620117
0.0541992, 0, 0, 1.17188
2.49219, 1, 0, 0.962891
0, 0, 0, 0.215088
Layer (3, 13)
0, 0, 0.35498, 1.35059
0, 0.932617, 0.203125, 0
0, 0, 0, 1.22461
0, 2.0332, 0, 0
Layer (3, 14)
0, 0, 0, 0
0, 1.57422, 2.04102, 0
0.599121, 0, 1.79297, 0
1.41113, 0, 3.88672, 1.15625
Layer (3, 15)
0, 1.11621, 1.3252, 0
0, 2.64844, 1.05078, 0.439941
0.542969, 0, 0.498291, 0
0, 0.213379, 0, 0.369629
Layer (3, 16)
0, 1.33887, 0.511719, 1.03613
0, 2.25391, 0, 0.486816
3.99219, 0, 1.08594, 0
0.740234, 0.0644531, 0.291504, 0
Layer (3, 17)
0, 0, 0, 0
0, 0.461914, 0, 1.95996
0, 0, 0, 1.02051
0.272949, 2.39062, 0.0126953, 0
Layer (3, 18)
0, 0, 0.331787, 0.781738
0.73291, 0, 1.37402, 0
0.130249, 1.37109, 0.0113068, 0
0, 0.476562, 0, 1.16602
Layer (3, 19)
0, 0, 0.171387, 0
0.569336, 0.067627, 0, 1.00195
0, 1.42188, 2.55469, 0
0, 0, 0.84375, 0.00878906
Layer (3, 20)
0.213623, 0.172852, 0, 0.342773
0, 0, 0, 1.21094
1.7041, 0, 0.140991, 0
0.475098, 0, 0, 0
Layer (3, 21)
0.338379, 0.890625, 0.648438, 0
0, 0.641113, 0.758789, 1.75977
0, 0, 0, 2.71875
1.25781, 0, 0, 0
Layer (3, 22)
0, 0, 2.19531, 0
2.36133, 1.5, 3.69922, 0.900391
0.551758, 0, 0, 0.102539
0, 0.631836, 0, 0.613281
Layer (3, 23)
0.891113, 0.291992, 1.8125, 0.437988
0, 1.30078, 0.294922, 1.7998
0, 0, 0, 2.2207
0.34375, 0.765625, 0.790039, 0
Layer (3, 24)
0, 3.21875, 0, 0
2.50391, 1.27246, 0, 0
0, 0, 1.42871, 0.0722656
0.0410461, 0.816895, 0, 1.56836
Layer (3, 25)
1.24609, 0, 0.640137, 0
3.56445, 0, 0, 0
0, 0, 2.85547, 0
0, 0, 0.0517578, 0
Layer (3, 26)
0.996094, 0, 0.362305, 0
2.75781, 0, 1.02832, 0.271973
0, 0, 0, 0
0, 0, 0.386719, 0.157593
Layer (3, 27)
2.82031, 1.58398, 0, 0
0.0957031, 0, 0, 0.756836
0.236694, 0, 0, 0.491211
2.15039, 0.672852, 0, 0
Layer (3, 28)
1.25879, 0, 0, 0
0, 1.2793, 1.16016, 1.2832
0, 0, 0.675781, 0
0, 0, 0.841309, 0.160645
Layer (3, 29)
0, 1.2373, 0, 0.701172
0, 0, 0.523438, 0
0.619141, 0, 1.91211, 0
0.382324, 0, 0, 0
Layer (3, 30)
0.495117, 2.65234, 0.62207, 1.51562
0.524414, 0, 0.973633, 0
0.928223, 2.60938, 0, 1.55859
0, 0.883301, 1.79688, 0.685547
Layer (3, 31)
3.03906, 0, 0, 0
0, 1.50488, 0, 0
0, 5.6875, 0.214233, 0
0, 0, 2.34375, 0
Layer (3, 32)
0, 1.30762, 1.84668, 0.414551
0, 1.92578, 4.69531, 0
0.0739746, 0, 0.0966797, 0
0, 0, 0, 0
Layer (3, 33)
0.00976562, 0.469727, 0.491211, 0
0, 0, 0, 0
1.63867, 0, 0, 2.13477
0, 1.28809, 0.312012, 0
Layer (3, 34)
0.0911865, 0, 2.49023, 0
0.641602, 0, 0.748047, 1.22266
1.16211, 0, 0, 1.1875
0, 0.265625, 0, 1.01074
Layer (3, 35)
1.42969, 2.29688, 0, 0.877441
0, 1.29883, 0.501465, 0
0, 0.300781, 0, 1.11328
0, 0, 0, 0
Layer (3, 36)
0, 0, 0, 0
0, 0, 2.13672, 2.46875
1.05469, 0.550293, 0, 0
1.31348, 1.12109, 0, 0
Layer (3, 37)
0, 0.30127, 2.0293, 0
0, 0, 0, 0.449707
0, 3.37305, 1.6377, 1.21582
0, 0, 0.291504, 1.74219
Layer (3, 38)
0.750977, 1.63477, 1.59961, 0.606445
0, 0, 1.97852, 0.709961
0.65332, 0, 0.740723, 0.955078
1.41699, 0, 0, 1.83789
Layer (3, 39)
0, 1.33203, 0, 0.4646
0, 0, 1.49023, 0.00878906
0, 1.22559, 0, 1.83301
0, 0, 0, 1.71387
Layer (3, 40)
0, 2.70703, 0.69043, 0.364746
0, 0, 1.08008, 0
0.975098, 0, 0, 0
0, 1.12695, 0, 0.470215
Layer (3, 41)
0, 0.667969, 1.5957, 0.0405273
0, 0, 0.210938, 0
1.33105, 0, 0.824707, 0
0.760742, 0, 0, 3.33984
Layer (3, 42)
0, 0, 0.455078, 0
0, 0, 0.59082, 2.96484
1.60742, 2.90234, 0, 1.36523
0.836426, 0, 0, 0
Layer (3, 43)
0.503418, 1.25781, 1.10938, 1.58203
0, 0, 0, 1.64062
0, 5.01172, 0.793945, 2.73438
0, 0, 0, 0
Layer (3, 44)
0, 1.88672, 0.516602, 0.467773
0.742188, 0.33252, 3.13086, 1.4541
0, 2.16602, 0.177734, 0.136719
0, 0.550293, 1.93262, 0.395508
Layer (3, 45)
0, 0, 0, 0
0, 1.34961, 0, 0
0, 1.14355, 2.09766, 0
1.12109, 3.35742, 0, 3.05859
Layer (3, 46)
0, 0, 0.860352, 0
0, 0.606445, 1.57715, 0
0, 0, 0.995117, 0.633301
1.87109, 0, 0, 0
Layer (3, 47)
0, 0, 0, 0
0, 0, 0, 0
0, 0, 0.305664, 0.526367
0, 0, 3.96484, 0.0231934
Layer (3, 48)
0, 0, 0, 0.360352
0, 0.000488281, 0, 2.35547
0.814453, 3.15234, 1.26367, 0
0, 0, 2.17188, 0
Layer (3, 49)
1.50293, 0, 3.21484, 0
0, 0, 2.18164, 0
0, 0, 0, 2.2207
0, 3.06445, 4.14062, 1.44238
Layer (3, 50)
2.13086, 0, 0, 0.984863
0.41748, 2.00977, 1.72266, 1.63672
1.2832, 0.182983, 1.50684, 0.349854
1.58398, 2.36328, 0.421387, 0.187866
Layer (3, 51)
0, 2.06641, 0, 0
0, 0, 1.20117, 0
0.184082, 0, 0.993164, 1.0293
1.97168, 1.76367, 0, 0.187744
Layer (3, 52)
0.36084, 0, 3.69336, 0
0.302734, 0.793945, 0, 0.34375
0.0932617, 0, 0.046875, 0.204102
1.0127, 2.44922, 0.8125, 1.33691
Layer (3, 53)
0, 0.155518, 0.385742, 2.47266
0, 1.7832, 0, 1.43164
4.35156, 0, 2.32617, 4.59375
1.70996, 0.484131, 1.69824, 0
Layer (3, 54)
0, 1.21094, 0, 1.63574
1.14648, 0, 0, 0
0, 0, 0, 0
0, 0, 0, 0.668945
Layer (3, 55)
0, 0, 0, 1.80957
0.73291, 3.16992, 0.8125, 0
3.96484, 0, 0, 0
0, 0, 2.48438, 0.96875
Layer (3, 56)
1.34375, 0, 0, 0
0.65332, 0, 0, 2.74805
0, 0, 0, 0
0.760254, 0, 0, 0
Layer (3, 57)
0.390869, 0, 1.50098, 0
1.47949, 0.273926, 0, 0
2.70508, 0, 1.41113, 2.2168
1.7998, 0, 0, 1.9873
Layer (3, 58)
0, 0.706543, 0, 0.451172
1.43359, 0.279297, 0.746094, 0
0, 2.95312, 0, 0
0.219727, 0.802246, 2.32617, 1.08203
Layer (3, 59)
0.886719, 0.479492, 1.24609, 0
0, 0.714355, 0, 0
1.86328, 0.261719, 0, 0
0, 0.418945, 0, 0
Layer (3, 60)
0.0512695, 0, 1.55273, 0
0, 0, 1.51562, 0
0, 1.83105, 2.1543, 0.898926
0, 0, 0, 0
Layer (3, 61)
0, 0, 0.0600586, 0
0, 1.02832, 0, 0.122559
0, 0, 0, 1.1543
0.0219727, 0, 0, 0.405029
Layer (3, 62)
0, 0, 2.44141, 0
1.6582, 0.613281, 0.896484, 0.0537109
3.00195, 0, 0, 3.17969
0, 0.257812, 0.633301, 0.05896
Layer (3, 63)
0, 0, 0, 0
0.00195312, 0, 1.30078, 1.76562
0, 0, 0.584961, 1.85938
1.93945, 0.050293, 0, 0

[E] Difference at position (0, 22, 0, 2), reference 0.597168, value 0.586914
[I] Tactic 0 failed.
[E] FAILED(tutWinogradFusedConvActTest.Half2C): EXPECT_TRUE for correct in tutConvolutionTests.cpp : 675, subtest(2)
[I] Skipping subtest tutWinogradFusedConvActTest.Half2C[3] (4/223)
[I] Skipping subtest tutWinogradFusedConvActTest.Half2C[4] (5/223)
[I] Skipping subtest tutWinogradFusedConvActTest.Half2C[5] (6/223)
[I] Skipping subtest tutWinogradFusedConvActTest.Half2C[6] (7/223)
[I] Skipping subtest tutWinogradFusedConvActTest.Half2C[7] (8/223)
[I] Skipping subtest tutWinogradFusedConvActTest.Half2C[8] (9/223)
[I] Skipping subtest tutWinogradFusedConvActTest.Half2C[9] (10/223)
[I] Skipping subtest tutWinogradFusedConvActTest.Half2C[10] (11/223)
[I] Skipping subtest tutWinogradFusedConvActTest.Half2C[11] (12/223)
[I] Skipping subtest tutWinogradFusedConvActTest.Half2C[12] (13/223)
[I] Skipping subtest tutWinogradFusedConvActTest.Half2C[13] (14/223)
[I] Skipping subtest tutWinogradFusedConvActTest.Half2C[14] (15/223)
[I] Skipping subtest tutWinogradFusedConvActTest.Half2C[15] (16/223)
[I] Skipping subtest tutWinogradFusedConvActTest.Half2C[16] (17/223)
[I] Skipping subtest tutWinogradFusedConvActTest.Half2C[17] (18/223)
[I] Skipping subtest tutWinogradFusedConvActTest.Half2C[18] (19/223)
[I] Skipping subtest tutWinogradFusedConvActTest.Half2C[19] (20/223)
[I] Skipping subtest tutWinogradFusedConvActTest.Half2C[20] (21/223)
[I] Skipping subtest tutWinogradFusedConvActTest.Half2C[21] (22/223)
[I] Skipping subtest tutWinogradFusedConvActTest.Half2C[22] (23/223)
[I] Skipping subtest tutWinogradFusedConvActTest.Half2C[23] (24/223)
[I] Skipping subtest tutWinogradFusedConvActTest.Half2C[24] (25/223)
[I] Skipping subtest tutWinogradFusedConvActTest.Half2C[25] (26/223)
[I] Skipping subtest tutWinogradFusedConvActTest.Half2C[26] (27/223)
[I] Skipping subtest tutWinogradFusedConvActTest.Half2C[27] (28/223)
[I] Skipping subtest tutWinogradFusedConvActTest.Half2C[28] (29/223)
[I] Skipping subtest tutWinogradFusedConvActTest.Half2C[29] (30/223)
[I] Skipping subtest tutWinogradFusedConvActTest.Half2C[30] (31/223)
[I] Skipping subtest tutWinogradFusedConvActTest.Half2C[31] (32/223)
[I] Skipping subtest tutWinogradFusedConvActTest.Half2C[32] (33/223)
[I] Skipping subtest tutWinogradFusedConvActTest.Half2C[33] (34/223)
[I] Skipping subtest tutWinogradFusedConvActTest.Half2C[34] (35/223)
[I] Skipping subtest tutWinogradFusedConvActTest.Half2C[35] (36/223)
[I] Skipping subtest tutWinogradFusedConvActTest.Half2C[36] (37/223)
[I] Skipping subtest tutWinogradFusedConvActTest.Half2C[37] (38/223)
[I] Skipping subtest tutWinogradFusedConvActTest.Half2C[38] (39/223)
[I] Skipping subtest tutWinogradFusedConvActTest.Half2C[39] (40/223)
[I] Skipping subtest tutWinogradFusedConvActTest.Half2C[40] (41/223)
[I] Skipping subtest tutWinogradFusedConvActTest.Half2C[41] (42/223)
[I] Skipping subtest tutWinogradFusedConvActTest.Half2C[42] (43/223)
[I] Skipping subtest tutWinogradFusedConvActTest.Half2C[43] (44/223)
[I] Skipping subtest tutWinogradFusedConvActTest.Half2C[44] (45/223)
[I] Skipping subtest tutWinogradFusedConvActTest.Half2C[45] (46/223)
[I] Skipping subtest tutWinogradFusedConvActTest.Half2C[46] (47/223)
[I] Skipping subtest tutWinogradFusedConvActTest.Half2C[47] (48/223)
[I] Skipping subtest tutWinogradFusedConvActTest.Half2C[48] (49/223)
[I] Skipping subtest tutWinogradFusedConvActTest.Half2C[49] (50/223)
[I] Skipping subtest tutWinogradFusedConvActTest.Half2C[50] (51/223)
[I] Skipping subtest tutWinogradFusedConvActTest.Half2C[51] (52/223)
[I] Skipping subtest tutWinogradFusedConvActTest.Half2C[52] (53/223)
[I] Skipping subtest tutWinogradFusedConvActTest.Half2C[53] (54/223)
[I] Skipping subtest tutWinogradFusedConvActTest.Half2C[54] (55/223)
[I] Skipping subtest tutWinogradFusedConvActTest.Half2C[55] (56/223)
[I] Skipping subtest tutWinogradFusedConvActTest.Half2C[56] (57/223)
[I] Skipping subtest tutWinogradFusedConvActTest.Half2C[57] (58/223)
[I] Skipping subtest tutWinogradFusedConvActTest.Half2C[58] (59/223)
[I] Skipping subtest tutWinogradFusedConvActTest.Half2C[59] (60/223)
[I] Skipping subtest tutWinogradFusedConvActTest.Half2C[60] (61/223)
[I] Skipping subtest tutWinogradFusedConvActTest.Half2C[61] (62/223)
[I] Skipping subtest tutWinogradFusedConvActTest.Half2C[62] (63/223)
[I] Skipping subtest tutWinogradFusedConvActTest.Half2C[63] (64/223)
[I] Skipping subtest tutWinogradFusedConvActTest.Half2C[64] (65/223)
[I] Skipping subtest tutWinogradFusedConvActTest.Half2C[65] (66/223)
[I] Skipping subtest tutWinogradFusedConvActTest.Half2C[66] (67/223)
[I] Skipping subtest tutWinogradFusedConvActTest.Half2C[67] (68/223)
[I] Skipping subtest tutWinogradFusedConvActTest.Half2C[68] (69/223)
[I] Skipping subtest tutWinogradFusedConvActTest.Half2C[69] (70/223)
[I] Skipping subtest tutWinogradFusedConvActTest.Half2C[70] (71/223)
[I] Skipping subtest tutWinogradFusedConvActTest.Half2C[71] (72/223)
[I] Skipping subtest tutWinogradFusedConvActTest.Half2C[72] (73/223)
[I] Skipping subtest tutWinogradFusedConvActTest.Half2C[73] (74/223)
[I] Skipping subtest tutWinogradFusedConvActTest.Half2C[74] (75/223)
[I] Skipping subtest tutWinogradFusedConvActTest.Half2C[75] (76/223)
[I] Skipping subtest tutWinogradFusedConvActTest.Half2C[76] (77/223)
[I] Skipping subtest tutWinogradFusedConvActTest.Half2C[77] (78/223)
[I] Skipping subtest tutWinogradFusedConvActTest.Half2C[78] (79/223)
[I] Skipping subtest tutWinogradFusedConvActTest.Half2C[79] (80/223)
[I] Skipping subtest tutWinogradFusedConvActTest.Half2C[80] (81/223)
[I] Skipping subtest tutWinogradFusedConvActTest.Half2C[81] (82/223)
[I] Skipping subtest tutWinogradFusedConvActTest.Half2C[82] (83/223)
[I] Skipping subtest tutWinogradFusedConvActTest.Half2C[83] (84/223)
[I] Skipping subtest tutWinogradFusedConvActTest.Half2C[84] (85/223)
[I] Skipping subtest tutWinogradFusedConvActTest.Half2C[85] (86/223)
[I] Skipping subtest tutWinogradFusedConvActTest.Half2C[86] (87/223)
[I] Skipping subtest tutWinogradFusedConvActTest.Half2C[87] (88/223)
[I] Skipping subtest tutWinogradFusedConvActTest.Half2C[88] (89/223)
[I] Skipping subtest tutWinogradFusedConvActTest.Half2C[89] (90/223)
[I] Skipping subtest tutWinogradFusedConvActTest.Half2C[90] (91/223)
[I] Skipping subtest tutWinogradFusedConvActTest.Half2C[91] (92/223)
[I] Skipping subtest tutWinogradFusedConvActTest.Half2C[92] (93/223)
[I] Skipping subtest tutWinogradFusedConvActTest.Half2C[93] (94/223)
[I] Skipping subtest tutWinogradFusedConvActTest.Half2C[94] (95/223)
[I] Skipping subtest tutWinogradFusedConvActTest.Half2C[95] (96/223)
[I] Skipping subtest tutWinogradFusedConvActTest.Half2C[96] (97/223)
[I] Skipping subtest tutWinogradFusedConvActTest.Half2C[97] (98/223)
[I] Skipping subtest tutWinogradFusedConvActTest.Half2C[98] (99/223)
[I] Skipping subtest tutWinogradFusedConvActTest.Half2C[99] (100/223)
[I] Skipping subtest tutWinogradFusedConvActTest.Half2C[100] (101/223)
[I] Skipping subtest tutWinogradFusedConvActTest.Half2C[101] (102/223)
[I] Skipping subtest tutWinogradFusedConvActTest.Half2C[102] (103/223)
[I] Skipping subtest tutWinogradFusedConvActTest.Half2C[103] (104/223)
[I] Skipping subtest tutWinogradFusedConvActTest.Half2C[104] (105/223)
[I] Skipping subtest tutWinogradFusedConvActTest.Half2C[105] (106/223)
[I] Skipping subtest tutWinogradFusedConvActTest.Half2C[106] (107/223)
[I] Skipping subtest tutWinogradFusedConvActTest.Half2C[107] (108/223)
[I] Skipping subtest tutWinogradFusedConvActTest.Half2C[108] (109/223)
[I] Skipping subtest tutWinogradFusedConvActTest.Half2C[109] (110/223)
[I] Skipping subtest tutWinogradFusedConvActTest.Half2C[110] (111/223)
[I] Skipping subtest tutWinogradFusedConvActTest.Half2C[111] (112/223)
[I] Skipping subtest tutWinogradFusedConvActTest.Half2C[112] (113/223)
[I] Skipping subtest tutWinogradFusedConvActTest.Half2C[113] (114/223)
[I] Skipping subtest tutWinogradFusedConvActTest.Half2C[114] (115/223)
[I] Skipping subtest tutWinogradFusedConvActTest.Half2C[115] (116/223)
[I] Skipping subtest tutWinogradFusedConvActTest.Half2C[116] (117/223)
[I] Skipping subtest tutWinogradFusedConvActTest.Half2C[117] (118/223)
[I] Skipping subtest tutWinogradFusedConvActTest.Half2C[118] (119/223)
[I] Skipping subtest tutWinogradFusedConvActTest.Half2C[119] (120/223)
[I] Skipping subtest tutWinogradFusedConvActTest.Half2C[120] (121/223)
[I] Skipping subtest tutWinogradFusedConvActTest.Half2C[121] (122/223)
[I] Skipping subtest tutWinogradFusedConvActTest.Half2C[122] (123/223)
[I] Skipping subtest tutWinogradFusedConvActTest.Half2C[123] (124/223)
[I] Skipping subtest tutWinogradFusedConvActTest.Half2C[124] (125/223)
[I] Skipping subtest tutWinogradFusedConvActTest.Half2C[125] (126/223)
[I] Skipping subtest tutWinogradFusedConvActTest.Half2C[126] (127/223)
[I] Skipping subtest tutWinogradFusedConvActTest.Half2C[127] (128/223)
[I] Skipping subtest tutWinogradFusedConvActTest.Half2C[128] (129/223)
[I] Skipping subtest tutWinogradFusedConvActTest.Half2C[129] (130/223)
[I] Skipping subtest tutWinogradFusedConvActTest.Half2C[130] (131/223)
[I] Skipping subtest tutWinogradFusedConvActTest.Half2C[131] (132/223)
[I] Skipping subtest tutWinogradFusedConvActTest.Half2C[132] (133/223)
[I] Skipping subtest tutWinogradFusedConvActTest.Half2C[133] (134/223)
[I] Skipping subtest tutWinogradFusedConvActTest.Half2C[134] (135/223)
[I] Skipping subtest tutWinogradFusedConvActTest.Half2C[135] (136/223)
[I] Skipping subtest tutWinogradFusedConvActTest.Half2C[136] (137/223)
[I] Skipping subtest tutWinogradFusedConvActTest.Half2C[137] (138/223)
[I] Skipping subtest tutWinogradFusedConvActTest.Half2C[138] (139/223)
[I] Skipping subtest tutWinogradFusedConvActTest.Half2C[139] (140/223)
[I] Skipping subtest tutWinogradFusedConvActTest.Half2C[140] (141/223)
[I] Skipping subtest tutWinogradFusedConvActTest.Half2C[141] (142/223)
[I] Skipping subtest tutWinogradFusedConvActTest.Half2C[142] (143/223)
[I] Skipping subtest tutWinogradFusedConvActTest.Half2C[143] (144/223)
[I] Skipping subtest tutWinogradFusedConvActTest.Half2C[144] (145/223)
[I] Skipping subtest tutWinogradFusedConvActTest.Half2C[145] (146/223)
[I] Skipping subtest tutWinogradFusedConvActTest.Half2C[146] (147/223)
[I] Skipping subtest tutWinogradFusedConvActTest.Half2C[147] (148/223)
[I] Skipping subtest tutWinogradFusedConvActTest.Half2C[148] (149/223)
[I] Skipping subtest tutWinogradFusedConvActTest.Half2C[149] (150/223)
[I] Skipping subtest tutWinogradFusedConvActTest.Half2C[150] (151/223)
[I] Skipping subtest tutWinogradFusedConvActTest.Half2C[151] (152/223)
[I] Skipping subtest tutWinogradFusedConvActTest.Half2C[152] (153/223)
[I] Skipping subtest tutWinogradFusedConvActTest.Half2C[153] (154/223)
[I] Skipping subtest tutWinogradFusedConvActTest.Half2C[154] (155/223)
[I] Skipping subtest tutWinogradFusedConvActTest.Half2C[155] (156/223)
[I] Skipping subtest tutWinogradFusedConvActTest.Half2C[156] (157/223)
[I] Skipping subtest tutWinogradFusedConvActTest.Half2C[157] (158/223)
[I] Skipping subtest tutWinogradFusedConvActTest.Half2C[158] (159/223)
[I] Skipping subtest tutWinogradFusedConvActTest.Half2C[159] (160/223)
[I] Skipping subtest tutWinogradFusedConvActTest.Half2C[160] (161/223)
[I] Skipping subtest tutWinogradFusedConvActTest.Half2C[161] (162/223)
[I] Skipping subtest tutWinogradFusedConvActTest.Half2C[162] (163/223)
[I] Skipping subtest tutWinogradFusedConvActTest.Half2C[163] (164/223)
[I] Skipping subtest tutWinogradFusedConvActTest.Half2C[164] (165/223)
[I] Skipping subtest tutWinogradFusedConvActTest.Half2C[165] (166/223)
[I] Skipping subtest tutWinogradFusedConvActTest.Half2C[166] (167/223)
[I] Skipping subtest tutWinogradFusedConvActTest.Half2C[167] (168/223)
[I] Skipping subtest tutWinogradFusedConvActTest.Half2C[168] (169/223)
[I] Skipping subtest tutWinogradFusedConvActTest.Half2C[169] (170/223)
[I] Skipping subtest tutWinogradFusedConvActTest.Half2C[170] (171/223)
[I] Skipping subtest tutWinogradFusedConvActTest.Half2C[171] (172/223)
[I] Skipping subtest tutWinogradFusedConvActTest.Half2C[172] (173/223)
[I] Skipping subtest tutWinogradFusedConvActTest.Half2C[173] (174/223)
[I] Skipping subtest tutWinogradFusedConvActTest.Half2C[174] (175/223)
[I] Skipping subtest tutWinogradFusedConvActTest.Half2C[175] (176/223)
[I] Skipping subtest tutWinogradFusedConvActTest.Half2C[176] (177/223)
[I] Skipping subtest tutWinogradFusedConvActTest.Half2C[177] (178/223)
[I] Skipping subtest tutWinogradFusedConvActTest.Half2C[178] (179/223)
[I] Skipping subtest tutWinogradFusedConvActTest.Half2C[179] (180/223)
[I] Skipping subtest tutWinogradFusedConvActTest.Half2C[180] (181/223)
[I] Skipping subtest tutWinogradFusedConvActTest.Half2C[181] (182/223)
[I] Skipping subtest tutWinogradFusedConvActTest.Half2C[182] (183/223)
[I] Skipping subtest tutWinogradFusedConvActTest.Half2C[183] (184/223)
[I] Skipping subtest tutWinogradFusedConvActTest.Half2C[184] (185/223)
[I] Skipping subtest tutWinogradFusedConvActTest.Half2C[185] (186/223)
[I] Skipping subtest tutWinogradFusedConvActTest.Half2C[186] (187/223)
[I] Skipping subtest tutWinogradFusedConvActTest.Half2C[187] (188/223)
[I] Skipping subtest tutWinogradFusedConvActTest.Half2C[188] (189/223)
[I] Skipping subtest tutWinogradFusedConvActTest.Half2C[189] (190/223)
[I] Skipping subtest tutWinogradFusedConvActTest.Half2C[190] (191/223)
[I] Skipping subtest tutWinogradFusedConvActTest.Half2C[191] (192/223)
[I] Skipping subtest tutWinogradFusedConvActTest.Half2C[192] (193/223)
[I] Skipping subtest tutWinogradFusedConvActTest.Half2C[193] (194/223)
[I] Skipping subtest tutWinogradFusedConvActTest.Half2C[194] (195/223)
[I] Skipping subtest tutWinogradFusedConvActTest.Half2C[195] (196/223)
[I] Skipping subtest tutWinogradFusedConvActTest.Half2C[196] (197/223)
[I] Skipping subtest tutWinogradFusedConvActTest.Half2C[197] (198/223)
[I] Skipping subtest tutWinogradFusedConvActTest.Half2C[198] (199/223)
[I] Skipping subtest tutWinogradFusedConvActTest.Half2C[199] (200/223)
[I] Skipping subtest tutWinogradFusedConvActTest.Half2C[200] (201/223)
[I] Skipping subtest tutWinogradFusedConvActTest.Half2C[201] (202/223)
[I] Skipping subtest tutWinogradFusedConvActTest.Half2C[202] (203/223)
[I] Skipping subtest tutWinogradFusedConvActTest.Half2C[203] (204/223)
[I] Skipping subtest tutWinogradFusedConvActTest.Half2C[204] (205/223)
[I] Skipping subtest tutWinogradFusedConvActTest.Half2C[205] (206/223)
[I] Skipping subtest tutWinogradFusedConvActTest.Half2C[206] (207/223)
[I] Skipping subtest tutWinogradFusedConvActTest.Half2C[207] (208/223)
[I] Skipping subtest tutWinogradFusedConvActTest.Half2C[208] (209/223)
[I] Skipping subtest tutWinogradFusedConvActTest.Half2C[209] (210/223)
[I] Skipping subtest tutWinogradFusedConvActTest.Half2C[210] (211/223)
[I] Skipping subtest tutWinogradFusedConvActTest.Half2C[211] (212/223)
[I] Skipping subtest tutWinogradFusedConvActTest.Half2C[212] (213/223)
[I] Skipping subtest tutWinogradFusedConvActTest.Half2C[213] (214/223)
[I] Skipping subtest tutWinogradFusedConvActTest.Half2C[214] (215/223)
[I] Skipping subtest tutWinogradFusedConvActTest.Half2C[215] (216/223)
[I] Skipping subtest tutWinogradFusedConvActTest.Half2C[216] (217/223)
[I] Skipping subtest tutWinogradFusedConvActTest.Half2C[217] (218/223)
[I] Skipping subtest tutWinogradFusedConvActTest.Half2C[218] (219/223)
[I] Skipping subtest tutWinogradFusedConvActTest.Half2C[219] (220/223)
[I] Skipping subtest tutWinogradFusedConvActTest.Half2C[220] (221/223)
[I] Skipping subtest tutWinogradFusedConvActTest.Half2C[221] (222/223)
[I] Skipping subtest tutWinogradFusedConvActTest.Half2C[222] (223/223)
&&&& FAILED TensorRT.tutWinogradFusedConvActTest.Half2C on GPU # ./infer_test --gtest_filter=tutWinogradFusedConvActTest.Half2C --seed=697785250 --gpu
============== FAILED 1 tests
CPU Failures:
GPU Failures:
  tutWinogradFusedConvActTest.Half2C Failed[2] (seed 697785250)
DLA Failures:
PVA Failures: